FILENAME	CHUNK_COUNTER	CHUNK	ALIGNNMENT_ID
afr-x-bible-1953.txt	9	toegeneem	1
afr-x-bible-1983.txt	8	versprei	1
afr-x-bible-1983.txt	10	veld	1
afr-x-bible-1983.txt	11	gewen	1
afr-x-bible-boodskap.txt	16	het	1
afr-x-bible-boodskap.txt	20	krag	1
afr-x-bible-lewende.txt	7	versprei	1
afr-x-bible-viralmal.txt	16	meer	1
dan-x-bible-1931.txt	7	udbredtes	1
dan-x-bible-frederik.txt	7	udbredtes	1
dan-x-bible-hverdagsdansk.txt	13	flere	1
dan-x-bible-hverdagsdansk.txt	15	flere	1
deu-x-bible-albrecht.txt	15	Bekenner	1
deu-x-bible-albrecht.txt	16	mehrte	1
deu-x-bible-elberfelder1871.txt	7	mehrte	1
deu-x-bible-elberfelder1905.txt	7	mehrte	1
deu-x-bible-erben.txt	6	mehrte	1
deu-x-bible-freebible.txt	7	mehrte	1
deu-x-bible-genfer2011.txt	18	annahmen	1
deu-x-bible-genfer2011.txt	20	wuchs	1
deu-x-bible-greber.txt	12	überall	1
deu-x-bible-gruenewalder.txt	8	immer	1
deu-x-bible-hoffnung.txt	7	mehr	1
deu-x-bible-interlinear.txt	7	mehrte	1
deu-x-bible-konkordant.txt	7	mehrte	1
deu-x-bible-luther1545.txt	7	mehrete	1
deu-x-bible-luther1545letztehand.txt	7	mehret	1
deu-x-bible-luther1912.txt	7	mehrte	1
deu-x-bible-meister.txt	8	breitete	1
deu-x-bible-menge.txt	9	immer	1
deu-x-bible-pattloch.txt	8	verbreitete	1
deu-x-bible-pattloch.txt	10	immer	1
deu-x-bible-pattloch.txt	11	mehr	1
deu-x-bible-schlachter.txt	7	mehrte	1
deu-x-bible-schlachter2000.txt	9	mehrte	1
deu-x-bible-tafelbibel.txt	8	mehrte	1
deu-x-bible-textbibel.txt	9	breitete	1
deu-x-bible-zuercher.txt	8	mehrte	1
eng-x-bible-amplified.txt	25	spread	1
eng-x-bible-clontz.txt	12	multiplied	1
eng-x-bible-common.txt	7	increase	1
eng-x-bible-contemporary.txt	4	spreading	1
eng-x-bible-darby.txt	8	spread	1
eng-x-bible-diaglot.txt	10	multiplied	1
eng-x-bible-easytoread.txt	9	more	1
eng-x-bible-easytoread.txt	11	more	1
eng-x-bible-godsword.txt	6	spread	1
eng-x-bible-godsword.txt	8	win	1
eng-x-bible-godsword.txt	10	followers	1
eng-x-bible-goodnews.txt	8	spread	1
eng-x-bible-goodnews.txt	10	grow	1
eng-x-bible-internationalstandard.txt	8	grow	1
eng-x-bible-internationalstandard.txt	10	spread	1
eng-x-bible-kingjames.txt	8	multiplied	1
eng-x-bible-lexham.txt	8	increasing	1
eng-x-bible-lexham.txt	10	multiplying	1
eng-x-bible-literal.txt	8	increased	1
eng-x-bible-livingoracles.txt	9	multiplied	1
eng-x-bible-majority.txt	8	multiplied	1
eng-x-bible-montgomery.txt	8	multiplied	1
eng-x-bible-new2007.txt	8	increasing	1
eng-x-bible-new2007.txt	10	multiplying	1
eng-x-bible-newcentury.txt	7	reach	1
eng-x-bible-newinternational.txt	8	spread	1
eng-x-bible-newinternational.txt	10	flourish	1
eng-x-bible-newreaders.txt	8	spread	1
eng-x-bible-newsimplified.txt	7	spread	1
eng-x-bible-scriptures.txt	8	growing	1
eng-x-bible-scriptures.txt	10	spreading	1
eng-x-bible-treeoflife.txt	10	multiplying	1
eng-x-bible-worldwide.txt	10	more	1
isl-x-bible-isl.txt	6	breiddist	1
nds-x-bible-nds.txt	7	vemead	1
nld-x-bible-1951.txt	8	verbreidde	1
nld-x-bible-2004.txt	5	verspreidde	1
nld-x-bible-2004.txt	9	steeds	1
nld-x-bible-2004.txt	10	meer	1
nld-x-bible-2004.txt	11	gehoor	1
nld-x-bible-statenvertaling.txt	8	vermenigvuldigde	1
nno-x-bible-2011.txt	9	framgang	1
nob-x-bible-1985.txt	7	spredte	1
nob-x-bible-1985.txt	9	vidt	1
nob-x-bible-1985.txt	10	omkring	1
nob-x-bible-2007.txt	7	bredte	1
nob-x-bible-2007.txt	9	stadig	1
nob-x-bible-2011.txt	7	spredte	1
nob-x-bible-2011.txt	9	vidt	1
nor-x-bible-1930.txt	7	utbredte	1
nor-x-bible-student.txt	7	vann	1
swe-x-bible-b2000.txt	8	tillväxa	1
swe-x-bible-folk1998.txt	6	spreds	1
swe-x-bible-folk1998.txt	7	alltmer	1
swg-x-bible-swg.txt	8	breitet	1
afr-x-bible-1953.txt	3	woord	2
afr-x-bible-1983.txt	3	woord	2
afr-x-bible-boodskap.txt	9	woord	2
afr-x-bible-lewende.txt	3	Goeie	2
afr-x-bible-lewende.txt	4	Nuus	2
afr-x-bible-viralmal.txt	5	boodskap	2
dan-x-bible-1931.txt	3	Ord	2
dan-x-bible-frederik.txt	3	Ord	2
dan-x-bible-hverdagsdansk.txt	9	ord	2
deu-x-bible-albrecht.txt	2	Wort	2
deu-x-bible-elberfelder1871.txt	2	Wort	2
deu-x-bible-elberfelder1905.txt	2	Wort	2
deu-x-bible-erben.txt	3	Wort	2
deu-x-bible-freebible.txt	2	Wort	2
deu-x-bible-genfer2011.txt	2	Botschaft	2
deu-x-bible-greber.txt	2	Wort	2
deu-x-bible-gruenewalder.txt	2	Wort	2
deu-x-bible-hoffnung.txt	3	Botschaft	2
deu-x-bible-interlinear.txt	3	Wort	2
deu-x-bible-konkordant.txt	2	Wort	2
deu-x-bible-luther1545.txt	2	Wort	2
deu-x-bible-luther1545letztehand.txt	2	wort	2
deu-x-bible-luther1912.txt	2	Wort	2
deu-x-bible-meister.txt	2	Wort	2
deu-x-bible-menge.txt	2	Wort	2
deu-x-bible-neue.txt	6	Wort	2
deu-x-bible-pattloch.txt	2	Wort	2
deu-x-bible-schlachter.txt	2	Wort	2
deu-x-bible-schlachter2000.txt	2	Wort	2
deu-x-bible-tafelbibel.txt	2	Wort	2
deu-x-bible-textbibel.txt	2	Wort	2
deu-x-bible-volxbibel.txt	9	was	2
deu-x-bible-zuercher.txt	2	Wort	2
eng-x-bible-amplified.txt	3	Word	2
eng-x-bible-amplified.txt	10	attainment	2
eng-x-bible-clontz.txt	3	word	2
eng-x-bible-common.txt	2	word	2
eng-x-bible-contemporary.txt	2	message	2
eng-x-bible-darby.txt	3	word	2
eng-x-bible-diaglot.txt	3	word	2
eng-x-bible-easytoread.txt	2	message	2
eng-x-bible-etheridge.txt	3	gospel	2
eng-x-bible-godsword.txt	3	word	2
eng-x-bible-goodnews.txt	3	word	2
eng-x-bible-internationalstandard.txt	3	word	2
eng-x-bible-kingjames.txt	3	word	2
eng-x-bible-lexham.txt	3	word	2
eng-x-bible-literal.txt	3	Word	2
eng-x-bible-livingoracles.txt	3	word	2
eng-x-bible-majority.txt	3	word	2
eng-x-bible-montgomery.txt	3	word	2
eng-x-bible-new2007.txt	3	word	2
eng-x-bible-newcentury.txt	2	message	2
eng-x-bible-newinternational.txt	3	word	2
eng-x-bible-newliving.txt	4	word	2
eng-x-bible-newreaders.txt	3	word	2
eng-x-bible-newsimplified.txt	2	word	2
eng-x-bible-scriptures.txt	3	word	2
eng-x-bible-treeoflife.txt	3	word	2
eng-x-bible-worldwide.txt	2	word	2
isl-x-bible-isl.txt	2	orð	2
nds-x-bible-nds.txt	3	Wuat	2
nld-x-bible-1951.txt	3	woord	2
nld-x-bible-2004.txt	2	woord	2
nld-x-bible-2007.txt	2	nieuws	2
nld-x-bible-2007.txt	3	over	2
nld-x-bible-statenvertaling.txt	3	Woord	2
nno-x-bible-2011.txt	3	ord	2
nob-x-bible-1985.txt	3	ord	2
nob-x-bible-1988.txt	2	om	2
nob-x-bible-1988.txt	4	spredde	2
nob-x-bible-2007.txt	3	ord	2
nob-x-bible-2011.txt	3	ord	2
nor-x-bible-1930.txt	3	ord	2
nor-x-bible-student.txt	3	ord	2
swe-x-bible-b2000.txt	2	ord	2
swe-x-bible-folk1998.txt	2	ord	2
swe-x-bible-nyalevande.txt	2	budskapet	2
swe-x-bible-nyalevande.txt	5	spreds	2
swg-x-bible-swg.txt	3	Wort	2
afr-x-bible-1953.txt	1	Maar	3
afr-x-bible-1983.txt	1	Maar	3
afr-x-bible-boodskap.txt	1	Intussen	3
afr-x-bible-boodskap.txt	2	het	3
afr-x-bible-lewende.txt	1	Maar	3
afr-x-bible-viralmal.txt	1	Die	3
dan-x-bible-1931.txt	1	Men	3
dan-x-bible-frederik.txt	1	Men	3
dan-x-bible-hverdagsdansk.txt	1	Men	3
deu-x-bible-albrecht.txt	1	Das	3
deu-x-bible-albrecht.txt	4	aber	3
deu-x-bible-elberfelder1871.txt	1	Das	3
deu-x-bible-elberfelder1905.txt	1	Das	3
deu-x-bible-erben.txt	1	Aber	3
deu-x-bible-freebible.txt	1	Das	3
deu-x-bible-genfer2011.txt	1	Die	3
deu-x-bible-genfer2011.txt	4	aber	3
deu-x-bible-greber.txt	1	Das	3
deu-x-bible-gruenewalder.txt	1	Das	3
deu-x-bible-hoffnung.txt	1	An	3
deu-x-bible-interlinear.txt	1	Aber	3
deu-x-bible-konkordant.txt	1	Das	3
deu-x-bible-luther1545.txt	1	Das	3
deu-x-bible-luther1545letztehand.txt	1	Das	3
deu-x-bible-luther1912.txt	1	Das	3
deu-x-bible-meister.txt	1	Das	3
deu-x-bible-menge.txt	1	Das	3
deu-x-bible-neue.txt	1	Immer	3
deu-x-bible-pattloch.txt	1	Das	3
deu-x-bible-schlachter.txt	1	Das	3
deu-x-bible-schlachter2000.txt	1	Das	3
deu-x-bible-tafelbibel.txt	1	Das	3
deu-x-bible-textbibel.txt	1	Das	3
deu-x-bible-volxbibel.txt	1	Und	3
deu-x-bible-zuercher.txt	1	Das	3
eng-x-bible-amplified.txt	1	But	3
eng-x-bible-amplified.txt	2	the	3
eng-x-bible-clontz.txt	1	But	3
eng-x-bible-darby.txt	1	But	3
eng-x-bible-diaglot.txt	1	The	3
eng-x-bible-easytoread.txt	1	The	3
eng-x-bible-etheridge.txt	1	And	3
eng-x-bible-godsword.txt	1	But	3
eng-x-bible-goodnews.txt	1	Meanwhile	3
eng-x-bible-internationalstandard.txt	1	But	3
eng-x-bible-kingjames.txt	1	But	3
eng-x-bible-lexham.txt	1	But	3
eng-x-bible-literal.txt	1	But	3
eng-x-bible-livingoracles.txt	1	And	3
eng-x-bible-majority.txt	1	But	3
eng-x-bible-montgomery.txt	1	But	3
eng-x-bible-new2007.txt	1	But	3
eng-x-bible-newinternational.txt	1	But	3
eng-x-bible-newliving.txt	1	Meanwhile	3
eng-x-bible-newreaders.txt	1	But	3
eng-x-bible-newsimplified.txt	1	The	3
eng-x-bible-scriptures.txt	1	And	3
eng-x-bible-treeoflife.txt	1	But	3
eng-x-bible-worldwide.txt	1	The	3
isl-x-bible-isl.txt	1	En	3
nds-x-bible-nds.txt	1	Oba	3
nld-x-bible-1951.txt	1	En	3
nld-x-bible-2004.txt	1	Het	3
nld-x-bible-2007.txt	1	Het	3
nld-x-bible-statenvertaling.txt	1	En	3
nno-x-bible-2011.txt	1	Men	3
nob-x-bible-1985.txt	1	Men	3
nob-x-bible-1988.txt	1	Budskapet	3
nob-x-bible-2007.txt	1	Men	3
nob-x-bible-2011.txt	1	Men	3
nor-x-bible-1930.txt	1	Men	3
nor-x-bible-student.txt	1	Men	3
swe-x-bible-nyalevande.txt	1	Men	3
swg-x-bible-swg.txt	1	Un	3
afr-x-bible-1953.txt	7	gegroei	4
afr-x-bible-1983.txt	6	het	4
afr-x-bible-boodskap.txt	18	krag	4
afr-x-bible-viralmal.txt	14	meer	4
dan-x-bible-1931.txt	5	Fremgang	4
dan-x-bible-frederik.txt	5	Fremgang	4
deu-x-bible-elberfelder1871.txt	5	wuchs	4
deu-x-bible-elberfelder1905.txt	5	wuchs	4
deu-x-bible-erben.txt	4	wuchs	4
deu-x-bible-freebible.txt	5	wuchs	4
deu-x-bible-greber.txt	5	drang	4
deu-x-bible-greber.txt	10	breitete	4
deu-x-bible-gruenewalder.txt	6	breitete	4
deu-x-bible-hoffnung.txt	5	glaubten	4
deu-x-bible-interlinear.txt	5	wuchs	4
deu-x-bible-konkordant.txt	5	wuchs	4
deu-x-bible-luther1545.txt	5	wuchs	4
deu-x-bible-luther1545letztehand.txt	5	wuchs	4
deu-x-bible-luther1912.txt	5	wuchs	4
deu-x-bible-meister.txt	6	wuchs	4
deu-x-bible-menge.txt	5	wuchs	4
deu-x-bible-menge.txt	7	breitete	4
deu-x-bible-schlachter.txt	5	wuchs	4
deu-x-bible-schlachter2000.txt	5	breitete	4
deu-x-bible-tafelbibel.txt	5	nahm	4
deu-x-bible-textbibel.txt	6	nahm	4
deu-x-bible-volxbibel.txt	5	vertrauten	4
deu-x-bible-zuercher.txt	6	wuchs	4
eng-x-bible-amplified.txt	16	the	4
eng-x-bible-common.txt	5	grow	4
eng-x-bible-darby.txt	6	grew	4
eng-x-bible-diaglot.txt	7	grew	4
eng-x-bible-easytoread.txt	6	spreading	4
eng-x-bible-easytoread.txt	8	reaching	4
eng-x-bible-etheridge.txt	7	proclaimed	4
eng-x-bible-goodnews.txt	6	continued	4
eng-x-bible-internationalstandard.txt	6	continued	4
eng-x-bible-kingjames.txt	6	grew	4
eng-x-bible-lexham.txt	6	kept	4
eng-x-bible-literal.txt	6	grew	4
eng-x-bible-livingoracles.txt	6	grew	4
eng-x-bible-majority.txt	6	increased	4
eng-x-bible-montgomery.txt	6	grew	4
eng-x-bible-new2007.txt	6	kept	4
eng-x-bible-newcentury.txt	5	spread	4
eng-x-bible-newliving.txt	9	spread	4
eng-x-bible-newreaders.txt	6	increase	4
eng-x-bible-newsimplified.txt	5	increased	4
eng-x-bible-treeoflife.txt	8	growing	4
eng-x-bible-worldwide.txt	8	further	4
isl-x-bible-isl.txt	4	efldist	4
nds-x-bible-nds.txt	5	woss	4
nld-x-bible-1951.txt	6	wies	4
nld-x-bible-2004.txt	8	vond	4
nld-x-bible-statenvertaling.txt	5	wies	4
nno-x-bible-2011.txt	4	breidde	4
nob-x-bible-1985.txt	5	fremgang	4
nob-x-bible-1988.txt	9	flere	4
nob-x-bible-2007.txt	5	fremgang	4
nob-x-bible-2011.txt	5	fremgang	4
nor-x-bible-1930.txt	5	fremgang	4
nor-x-bible-student.txt	5	framgang	4
swe-x-bible-b2000.txt	5	sprida	4
swe-x-bible-folk1998.txt	4	framgång	4
swg-x-bible-swg.txt	6	gwachse	4
afr-x-bible-1953.txt	8	en	5
afr-x-bible-1983.txt	9	en	5
afr-x-bible-boodskap.txt	22	en	5
afr-x-bible-lewende.txt	8	en	5
afr-x-bible-viralmal.txt	9	en	5
afr-x-bible-viralmal.txt	13	en	5
afr-x-bible-viralmal.txt	15	en	5
dan-x-bible-1931.txt	6	og	5
dan-x-bible-frederik.txt	6	og	5
dan-x-bible-hverdagsdansk.txt	7	og	5
dan-x-bible-hverdagsdansk.txt	14	og	5
deu-x-bible-albrecht.txt	11	und	5
deu-x-bible-elberfelder1871.txt	6	und	5
deu-x-bible-elberfelder1905.txt	6	und	5
deu-x-bible-erben.txt	5	und	5
deu-x-bible-freebible.txt	6	und	5
deu-x-bible-genfer2011.txt	11	und	5
deu-x-bible-greber.txt	9	und	5
deu-x-bible-interlinear.txt	6	und	5
deu-x-bible-konkordant.txt	6	und	5
deu-x-bible-luther1545.txt	6	und	5
deu-x-bible-luther1545letztehand.txt	6	vnd	5
deu-x-bible-luther1912.txt	6	und	5
deu-x-bible-meister.txt	7	und	5
deu-x-bible-menge.txt	6	und	5
deu-x-bible-neue.txt	8	und	5
deu-x-bible-pattloch.txt	7	und	5
deu-x-bible-schlachter.txt	6	und	5
deu-x-bible-schlachter2000.txt	8	und	5
deu-x-bible-tafelbibel.txt	7	und	5
deu-x-bible-textbibel.txt	8	und	5
deu-x-bible-zuercher.txt	7	und	5
eng-x-bible-clontz.txt	9	and	5
eng-x-bible-common.txt	6	and	5
eng-x-bible-darby.txt	7	and	5
eng-x-bible-diaglot.txt	8	and	5
eng-x-bible-easytoread.txt	10	and	5
eng-x-bible-etheridge.txt	9	and	5
eng-x-bible-godsword.txt	7	and	5
eng-x-bible-goodnews.txt	9	and	5
eng-x-bible-internationalstandard.txt	9	and	5
eng-x-bible-kingjames.txt	7	and	5
eng-x-bible-lexham.txt	9	and	5
eng-x-bible-literal.txt	7	and	5
eng-x-bible-livingoracles.txt	7	and	5
eng-x-bible-majority.txt	7	and	5
eng-x-bible-montgomery.txt	7	and	5
eng-x-bible-new2007.txt	9	and	5
eng-x-bible-newcentury.txt	6	and	5
eng-x-bible-newinternational.txt	9	and	5
eng-x-bible-newliving.txt	11	and	5
eng-x-bible-newreaders.txt	7	and	5
eng-x-bible-newsimplified.txt	6	and	5
eng-x-bible-scriptures.txt	9	and	5
eng-x-bible-treeoflife.txt	9	and	5
eng-x-bible-worldwide.txt	7	and	5
eng-x-bible-worldwide.txt	9	and	5
isl-x-bible-isl.txt	5	og	5
nds-x-bible-nds.txt	6	en	5
nld-x-bible-1951.txt	7	en	5
nld-x-bible-2004.txt	7	en	5
nld-x-bible-2007.txt	9	en	5
nld-x-bible-statenvertaling.txt	7	en	5
nno-x-bible-2011.txt	7	og	5
nob-x-bible-1985.txt	6	og	5
nob-x-bible-1988.txt	8	og	5
nob-x-bible-2007.txt	6	og	5
nob-x-bible-2011.txt	6	og	5
nor-x-bible-1930.txt	6	og	5
nor-x-bible-student.txt	6	og	5
swe-x-bible-b2000.txt	7	och	5
swe-x-bible-folk1998.txt	5	och	5
swe-x-bible-nyalevande.txt	10	och	5
swg-x-bible-swg.txt	7	un	5
afr-x-bible-1953.txt	5	God	6
afr-x-bible-1983.txt	5	God	6
afr-x-bible-boodskap.txt	4	gelowiges	6
afr-x-bible-boodskap.txt	7	God	6
afr-x-bible-viralmal.txt	2	gelowiges	6
afr-x-bible-viralmal.txt	7	God	6
dan-x-bible-1931.txt	2	Guds	6
dan-x-bible-frederik.txt	2	Guds	6
dan-x-bible-hverdagsdansk.txt	3	kristne	6
dan-x-bible-hverdagsdansk.txt	8	Guds	6
deu-x-bible-albrecht.txt	3	Gottes	6
deu-x-bible-elberfelder1871.txt	3	Gottes	6
deu-x-bible-elberfelder1905.txt	3	Gottes	6
deu-x-bible-erben.txt	2	Gottes	6
deu-x-bible-freebible.txt	3	Gottes	6
deu-x-bible-genfer2011.txt	3	Gottes	6
deu-x-bible-hoffnung.txt	2	Gottes	6
deu-x-bible-interlinear.txt	4	Gottes	6
deu-x-bible-konkordant.txt	3	Gottes	6
deu-x-bible-luther1545.txt	3	Gottes	6
deu-x-bible-luther1545letztehand.txt	3	Gottes	6
deu-x-bible-luther1912.txt	3	Gottes	6
deu-x-bible-menge.txt	3	Gottes	6
deu-x-bible-neue.txt	7	Gottes	6
deu-x-bible-pattloch.txt	3	Gottes	6
deu-x-bible-schlachter.txt	3	Gottes	6
deu-x-bible-schlachter2000.txt	3	Gottes	6
deu-x-bible-tafelbibel.txt	3	Gottes	6
deu-x-bible-volxbibel.txt	10	Gott	6
eng-x-bible-amplified.txt	17	kingdom	6
eng-x-bible-amplified.txt	19	God	6
eng-x-bible-clontz.txt	5	God	6
eng-x-bible-common.txt	1	God’s	6
eng-x-bible-contemporary.txt	1	God's	6
eng-x-bible-darby.txt	5	God	6
eng-x-bible-diaglot.txt	6	God	6
eng-x-bible-easytoread.txt	4	God	6
eng-x-bible-etheridge.txt	5	Aloha	6
eng-x-bible-godsword.txt	2	God’s	6
eng-x-bible-goodnews.txt	5	God	6
eng-x-bible-internationalstandard.txt	5	God	6
eng-x-bible-kingjames.txt	5	God	6
eng-x-bible-lexham.txt	5	God	6
eng-x-bible-literal.txt	5	God	6
eng-x-bible-livingoracles.txt	5	God	6
eng-x-bible-majority.txt	5	God	6
eng-x-bible-montgomery.txt	5	God	6
eng-x-bible-new2007.txt	5	God	6
eng-x-bible-newcentury.txt	1	God’s	6
eng-x-bible-newinternational.txt	5	God	6
eng-x-bible-newliving.txt	6	God	6
eng-x-bible-newreaders.txt	2	God's	6
eng-x-bible-newsimplified.txt	4	God	6
eng-x-bible-scriptures.txt	5	Elohim	6
eng-x-bible-treeoflife.txt	5	God	6
eng-x-bible-worldwide.txt	4	God	6
isl-x-bible-isl.txt	3	Guðs	6
nds-x-bible-nds.txt	4	Gottes	6
nld-x-bible-2004.txt	4	God	6
nld-x-bible-statenvertaling.txt	4	Gods	6
nno-x-bible-2011.txt	2	Guds	6
nob-x-bible-1985.txt	2	Guds	6
nob-x-bible-2007.txt	2	Guds	6
nob-x-bible-2011.txt	2	Guds	6
nor-x-bible-1930.txt	2	Guds	6
nor-x-bible-student.txt	2	Guds	6
swe-x-bible-b2000.txt	1	Guds	6
swe-x-bible-folk1998.txt	1	Guds	6
swg-x-bible-swg.txt	4	Gottes	6
afr-x-bible-1953.txt	10	.	7
afr-x-bible-1983.txt	12	.	7
afr-x-bible-boodskap.txt	25	.	7
afr-x-bible-lewende.txt	14	.	7
afr-x-bible-viralmal.txt	21	.	7
dan-x-bible-1931.txt	8	.	7
dan-x-bible-frederik.txt	8	.	7
dan-x-bible-hverdagsdansk.txt	17	.	7
deu-x-bible-albrecht.txt	18	.	7
deu-x-bible-elberfelder1871.txt	9	.	7
deu-x-bible-elberfelder1905.txt	9	.	7
deu-x-bible-erben.txt	8	.	7
deu-x-bible-freebible.txt	9	.	7
deu-x-bible-genfer2011.txt	22	.	7
deu-x-bible-greber.txt	14	.	7
deu-x-bible-gruenewalder.txt	11	.	7
deu-x-bible-hoffnung.txt	9	.	7
deu-x-bible-interlinear.txt	9	.	7
deu-x-bible-konkordant.txt	9	.	7
deu-x-bible-luther1545.txt	9	.	7
deu-x-bible-luther1545letztehand.txt	9	.	7
deu-x-bible-luther1912.txt	9	.	7
deu-x-bible-meister.txt	11	.	7
deu-x-bible-menge.txt	12	.	7
deu-x-bible-neue.txt	12	.	7
deu-x-bible-pattloch.txt	12	.	7
deu-x-bible-schlachter.txt	9	.	7
deu-x-bible-schlachter2000.txt	11	.	7
deu-x-bible-tafelbibel.txt	10	.	7
deu-x-bible-textbibel.txt	12	.	7
deu-x-bible-volxbibel.txt	16	.	7
deu-x-bible-zuercher.txt	10	.	7
eng-x-bible-amplified.txt	26	.	7
eng-x-bible-clontz.txt	13	.	7
eng-x-bible-common.txt	8	.	7
eng-x-bible-contemporary.txt	5	.	7
eng-x-bible-darby.txt	10	.	7
eng-x-bible-diaglot.txt	11	.	7
eng-x-bible-easytoread.txt	13	.	7
eng-x-bible-etheridge.txt	12	.	7
eng-x-bible-godsword.txt	11	.	7
eng-x-bible-goodnews.txt	11	.	7
eng-x-bible-internationalstandard.txt	11	.	7
eng-x-bible-kingjames.txt	9	.	7
eng-x-bible-lexham.txt	11	.	7
eng-x-bible-literal.txt	9	.	7
eng-x-bible-livingoracles.txt	10	.	7
eng-x-bible-majority.txt	9	.	7
eng-x-bible-montgomery.txt	9	;	7
eng-x-bible-new2007.txt	11	.	7
eng-x-bible-newcentury.txt	9	.	7
eng-x-bible-newinternational.txt	11	.	7
eng-x-bible-newliving.txt	17	.	7
eng-x-bible-newreaders.txt	9	.	7
eng-x-bible-newsimplified.txt	8	.	7
eng-x-bible-scriptures.txt	11	.	7
eng-x-bible-treeoflife.txt	11	.	7
eng-x-bible-worldwide.txt	13	.	7
isl-x-bible-isl.txt	8	.	7
nds-x-bible-nds.txt	9	.	7
nld-x-bible-1951.txt	10	.	7
nld-x-bible-2004.txt	12	.	7
nld-x-bible-2007.txt	16	.	7
nld-x-bible-statenvertaling.txt	9	.	7
nno-x-bible-2011.txt	10	.	7
nob-x-bible-1985.txt	11	.	7
nob-x-bible-1988.txt	16	.	7
nob-x-bible-2007.txt	12	.	7
nob-x-bible-2011.txt	11	.	7
nor-x-bible-1930.txt	9	.	7
nor-x-bible-student.txt	9	.	7
swe-x-bible-b2000.txt	9	.	7
swe-x-bible-folk1998.txt	8	.	7
swe-x-bible-nyalevande.txt	16	.	7
swg-x-bible-swg.txt	11	.	7
deu-x-bible-albrecht.txt	17	sich	8
deu-x-bible-elberfelder1871.txt	8	sich	8
deu-x-bible-elberfelder1905.txt	8	sich	8
deu-x-bible-erben.txt	7	sich	8
deu-x-bible-freebible.txt	8	sich	8
deu-x-bible-greber.txt	11	sich	8
deu-x-bible-gruenewalder.txt	7	sich	8
deu-x-bible-interlinear.txt	8	sich	8
deu-x-bible-konkordant.txt	8	sich	8
deu-x-bible-luther1545.txt	8	sich	8
deu-x-bible-luther1545letztehand.txt	8	sich	8
deu-x-bible-luther1912.txt	8	sich	8
deu-x-bible-meister.txt	9	sich	8
deu-x-bible-menge.txt	8	sich	8
deu-x-bible-pattloch.txt	9	sich	8
deu-x-bible-schlachter.txt	8	sich	8
deu-x-bible-schlachter2000.txt	10	sich	8
deu-x-bible-tafelbibel.txt	9	sich	8
deu-x-bible-textbibel.txt	10	sich	8
deu-x-bible-volxbibel.txt	14	machen	8
deu-x-bible-volxbibel.txt	15	wollte	8
deu-x-bible-zuercher.txt	9	sich	8
eng-x-bible-darby.txt	9	itself	8
nds-x-bible-nds.txt	8	sich	8
nld-x-bible-1951.txt	9	zich	8
nob-x-bible-1985.txt	8	seg	8
nob-x-bible-2007.txt	8	seg	8
nob-x-bible-2011.txt	8	seg	8
nor-x-bible-1930.txt	8	sig	8
swe-x-bible-b2000.txt	6	sig	8
swg-x-bible-swg.txt	9	sich	8
afr-x-bible-1953.txt	4	van	9
afr-x-bible-1983.txt	4	van	9
afr-x-bible-boodskap.txt	8	se	9
afr-x-bible-viralmal.txt	6	van	9
deu-x-bible-genfer2011.txt	9	aus	9
deu-x-bible-gruenewalder.txt	3	des	9
deu-x-bible-meister.txt	3	des	9
deu-x-bible-textbibel.txt	3	des	9
deu-x-bible-zuercher.txt	3	des	9
eng-x-bible-amplified.txt	4	of	9
eng-x-bible-amplified.txt	13	of	9
eng-x-bible-clontz.txt	4	of	9
eng-x-bible-darby.txt	4	of	9
eng-x-bible-diaglot.txt	4	of	9
eng-x-bible-easytoread.txt	3	of	9
eng-x-bible-etheridge.txt	4	of	9
eng-x-bible-goodnews.txt	4	of	9
eng-x-bible-internationalstandard.txt	4	of	9
eng-x-bible-kingjames.txt	4	of	9
eng-x-bible-lexham.txt	4	of	9
eng-x-bible-literal.txt	4	of	9
eng-x-bible-livingoracles.txt	4	of	9
eng-x-bible-majority.txt	4	of	9
eng-x-bible-montgomery.txt	4	of	9
eng-x-bible-new2007.txt	4	of	9
eng-x-bible-newinternational.txt	4	of	9
eng-x-bible-newliving.txt	5	of	9
eng-x-bible-newsimplified.txt	3	of	9
eng-x-bible-scriptures.txt	4	of	9
eng-x-bible-treeoflife.txt	4	of	9
eng-x-bible-worldwide.txt	3	of	9
nld-x-bible-1951.txt	4	des	9
nld-x-bible-2004.txt	3	van	9
afr-x-bible-1953.txt	2	die	10
afr-x-bible-1983.txt	2	die	10
afr-x-bible-boodskap.txt	3	die	10
afr-x-bible-lewende.txt	2	die	10
afr-x-bible-viralmal.txt	4	die	10
deu-x-bible-greber.txt	3	des	10
deu-x-bible-interlinear.txt	2	das	10
deu-x-bible-neue.txt	5	das	10
eng-x-bible-amplified.txt	5	the	10
eng-x-bible-clontz.txt	2	the	10
eng-x-bible-darby.txt	2	the	10
eng-x-bible-etheridge.txt	2	the	10
eng-x-bible-goodnews.txt	2	the	10
eng-x-bible-internationalstandard.txt	2	the	10
eng-x-bible-kingjames.txt	2	the	10
eng-x-bible-lexham.txt	2	the	10
eng-x-bible-literal.txt	2	the	10
eng-x-bible-livingoracles.txt	2	the	10
eng-x-bible-majority.txt	2	the	10
eng-x-bible-montgomery.txt	2	the	10
eng-x-bible-new2007.txt	2	the	10
eng-x-bible-newinternational.txt	2	the	10
eng-x-bible-newliving.txt	3	the	10
eng-x-bible-scriptures.txt	2	the	10
eng-x-bible-treeoflife.txt	2	the	10
nds-x-bible-nds.txt	2	daut	10
nld-x-bible-1951.txt	2	het	10
nld-x-bible-statenvertaling.txt	2	het	10
swg-x-bible-swg.txt	2	des	10
afr-x-bible-1953.txt	6	het	11
afr-x-bible-1983.txt	7	verder	11
afr-x-bible-boodskap.txt	12	dra	11
afr-x-bible-lewende.txt	6	verder	11
afr-x-bible-viralmal.txt	8	verder	11
afr-x-bible-viralmal.txt	10	verder	11
deu-x-bible-albrecht.txt	8	weiter	11
deu-x-bible-genfer2011.txt	8	weiter	11
deu-x-bible-greber.txt	7	weiter	11
deu-x-bible-gruenewalder.txt	9	weiter	11
deu-x-bible-menge.txt	10	weiter	11
deu-x-bible-pattloch.txt	6	mächtig	11
eng-x-bible-clontz.txt	6	continued	11
eng-x-bible-common.txt	3	continued	11
eng-x-bible-contemporary.txt	3	kept	11
eng-x-bible-godsword.txt	4	continued	11
eng-x-bible-lexham.txt	7	on	11
eng-x-bible-new2007.txt	7	on	11
eng-x-bible-newcentury.txt	3	continued	11
eng-x-bible-newinternational.txt	6	continued	11
eng-x-bible-newliving.txt	7	continued	11
eng-x-bible-newreaders.txt	4	continued	11
eng-x-bible-scriptures.txt	6	went	11
eng-x-bible-scriptures.txt	7	on	11
eng-x-bible-treeoflife.txt	6	kept	11
eng-x-bible-treeoflife.txt	7	on	11
eng-x-bible-worldwide.txt	6	further	11
nob-x-bible-2007.txt	10	videre	11
swe-x-bible-b2000.txt	3	fortsatte	11
afr-x-bible-lewende.txt	9	baie	12
afr-x-bible-viralmal.txt	17	mense	12
dan-x-bible-hverdagsdansk.txt	16	mennesker	12
deu-x-bible-albrecht.txt	12	die	12
deu-x-bible-albrecht.txt	13	Zahl	12
deu-x-bible-genfer2011.txt	13	Zahl	12
deu-x-bible-genfer2011.txt	16	die	12
deu-x-bible-hoffnung.txt	8	Menschen	12
deu-x-bible-volxbibel.txt	12	Menschen	12
eng-x-bible-easytoread.txt	12	people	12
eng-x-bible-etheridge.txt	11	great	12
eng-x-bible-godsword.txt	9	many	12
eng-x-bible-newcentury.txt	8	people	12
eng-x-bible-newliving.txt	14	many	12
eng-x-bible-worldwide.txt	11	people	12
nld-x-bible-2007.txt	10	vele	12
nld-x-bible-2007.txt	11	mensen	12
nob-x-bible-1988.txt	11	Mange	12
nob-x-bible-1988.txt	12	mennesker	12
nob-x-bible-2011.txt	10	omkring	12
nor-x-bible-student.txt	8	mange	12
swe-x-bible-nyalevande.txt	11	många	12
swe-x-bible-nyalevande.txt	12	människor	12
deu-x-bible-elberfelder1871.txt	4	aber	13
deu-x-bible-elberfelder1905.txt	4	aber	13
deu-x-bible-freebible.txt	4	aber	13
deu-x-bible-gruenewalder.txt	5	aber	13
deu-x-bible-hoffnung.txt	4	aber	13
deu-x-bible-konkordant.txt	4	jedoch	13
deu-x-bible-luther1545.txt	4	aber	13
deu-x-bible-luther1545letztehand.txt	4	aber	13
deu-x-bible-luther1912.txt	4	aber	13
deu-x-bible-meister.txt	5	aber	13
deu-x-bible-menge.txt	4	jedoch	13
deu-x-bible-pattloch.txt	4	aber	13
deu-x-bible-schlachter.txt	4	aber	13
deu-x-bible-schlachter2000.txt	4	aber	13
deu-x-bible-tafelbibel.txt	4	aber	13
deu-x-bible-textbibel.txt	5	aber	13
deu-x-bible-volxbibel.txt	7	das	13
deu-x-bible-zuercher.txt	5	jedoch	13
afr-x-bible-boodskap.txt	11	te	14
deu-x-bible-tafelbibel.txt	6	zu	14
deu-x-bible-textbibel.txt	7	zu	14
eng-x-bible-clontz.txt	7	to	14
eng-x-bible-common.txt	4	to	14
eng-x-bible-godsword.txt	5	to	14
eng-x-bible-goodnews.txt	7	to	14
eng-x-bible-internationalstandard.txt	7	to	14
eng-x-bible-newcentury.txt	4	to	14
eng-x-bible-newinternational.txt	7	to	14
eng-x-bible-newliving.txt	8	to	14
eng-x-bible-newreaders.txt	5	to	14
nld-x-bible-2007.txt	8	snel	14
nob-x-bible-1988.txt	6	til	14
swe-x-bible-b2000.txt	4	att	14
swe-x-bible-nyalevande.txt	6	till	14
afr-x-bible-lewende.txt	5	het	15
afr-x-bible-viralmal.txt	11	gebring	15
dan-x-bible-1931.txt	4	havde	15
dan-x-bible-frederik.txt	4	havde	15
dan-x-bible-hverdagsdansk.txt	4	havde	15
deu-x-bible-neue.txt	4	hörten	15
deu-x-bible-pattloch.txt	5	wurde	15
eng-x-bible-amplified.txt	14	salvation	15
eng-x-bible-easytoread.txt	5	was	15
eng-x-bible-etheridge.txt	6	was	15
nob-x-bible-1985.txt	4	hadde	15
nob-x-bible-2007.txt	4	hadde	15
nob-x-bible-2011.txt	4	hadde	15
nor-x-bible-1930.txt	4	hadde	15
nor-x-bible-student.txt	4	hadde	15
swe-x-bible-folk1998.txt	3	hade	15
swg-x-bible-swg.txt	5	isch	15
afr-x-bible-lewende.txt	10	het	16
afr-x-bible-lewende.txt	13	gekom	16
afr-x-bible-viralmal.txt	18	het	16
dan-x-bible-hverdagsdansk.txt	10	nåede	16
deu-x-bible-genfer2011.txt	17	sie	16
deu-x-bible-neue.txt	9	kamen	16
eng-x-bible-amplified.txt	21	continued	16
eng-x-bible-diaglot.txt	9	was	16
eng-x-bible-etheridge.txt	10	was	16
eng-x-bible-livingoracles.txt	8	was	16
eng-x-bible-newliving.txt	13	were	16
nld-x-bible-2007.txt	12	gingen	16
nld-x-bible-2007.txt	13	in	16
nld-x-bible-2007.txt	14	Hem	16
nno-x-bible-2011.txt	8	hadde	16
nob-x-bible-1988.txt	13	kom	16
swe-x-bible-nyalevande.txt	13	kom	16
afr-x-bible-boodskap.txt	10	uit	17
dan-x-bible-hverdagsdansk.txt	11	ud	17
deu-x-bible-albrecht.txt	9	aus	17
deu-x-bible-greber.txt	13	aus	17
deu-x-bible-gruenewalder.txt	10	aus	17
deu-x-bible-meister.txt	10	aus	17
deu-x-bible-menge.txt	11	aus	17
deu-x-bible-schlachter2000.txt	7	aus	17
deu-x-bible-textbibel.txt	11	aus	17
isl-x-bible-isl.txt	7	út	17
nno-x-bible-2011.txt	6	ut	17
nob-x-bible-2007.txt	11	ut	17
swg-x-bible-swg.txt	10	üs	17
deu-x-bible-greber.txt	4	Herrn	18
deu-x-bible-gruenewalder.txt	4	Herrn	18
deu-x-bible-meister.txt	4	Herrn	18
deu-x-bible-textbibel.txt	4	Herrn	18
deu-x-bible-zuercher.txt	4	Herrn	18
eng-x-bible-amplified.txt	6	Lord	18
eng-x-bible-amplified.txt	12	Christ	18
nld-x-bible-1951.txt	5	Heren	18
nld-x-bible-2007.txt	4	Jezus	18
nld-x-bible-2007.txt	5	Christus	18
nob-x-bible-1988.txt	3	Jesus	18
swe-x-bible-nyalevande.txt	4	Jesus	18
afr-x-bible-boodskap.txt	19	tot	19
afr-x-bible-boodskap.txt	21	gegaan	19
afr-x-bible-lewende.txt	11	tot	19
dan-x-bible-hverdagsdansk.txt	12	til	19
deu-x-bible-neue.txt	10	zum	19
eng-x-bible-amplified.txt	22	to	19
eng-x-bible-clontz.txt	10	to	19
nob-x-bible-1988.txt	14	til	19
swe-x-bible-nyalevande.txt	14	till	19
afr-x-bible-lewende.txt	12	geloof	20
afr-x-bible-viralmal.txt	20	geglo	20
deu-x-bible-neue.txt	11	Glauben	20
eng-x-bible-newliving.txt	16	believers	20
eng-x-bible-worldwide.txt	12	believed	20
nld-x-bible-2007.txt	15	geloven	20
nob-x-bible-1988.txt	15	tro	20
swe-x-bible-nyalevande.txt	15	tro	20
afr-x-bible-viralmal.txt	12	,	21
deu-x-bible-albrecht.txt	10	,	21
eng-x-bible-easytoread.txt	7	,	21
eng-x-bible-newliving.txt	10	,	21
swe-x-bible-nyalevande.txt	9	,	21
deu-x-bible-albrecht.txt	6	sich	22
deu-x-bible-genfer2011.txt	6	sich	22
deu-x-bible-schlachter2000.txt	6	sich	22
nld-x-bible-2004.txt	6	zich	22
nld-x-bible-2007.txt	7	zich	22
nno-x-bible-2011.txt	5	seg	22
nob-x-bible-1988.txt	5	seg	22
deu-x-bible-albrecht.txt	7	immer	23
deu-x-bible-genfer2011.txt	7	immer	23
deu-x-bible-greber.txt	6	immer	23
deu-x-bible-hoffnung.txt	6	immer	23
deu-x-bible-volxbibel.txt	2	immer	23
deu-x-bible-neue.txt	2	mehr	24
deu-x-bible-volxbibel.txt	3	mehr	24
nob-x-bible-1988.txt	7	flere	24
swe-x-bible-nyalevande.txt	8	fler	24
afr-x-bible-boodskap.txt	5	aangehou	25
afr-x-bible-viralmal.txt	3	het	25
afr-x-bible-boodskap.txt	15	kerk	26
deu-x-bible-genfer2011.txt	12	die	26
afr-x-bible-boodskap.txt	13	.	27
nob-x-bible-1988.txt	10	.	27
dan-x-bible-hverdagsdansk.txt	5	fremgang	28
deu-x-bible-albrecht.txt	5	breitete	28
eng-x-bible-etheridge.txt	8	,	29
nld-x-bible-statenvertaling.txt	6	,	29
afr-x-bible-boodskap.txt	17	van	30
deu-x-bible-genfer2011.txt	14	derer	30
eng-x-bible-amplified.txt	18	of	30
afr-x-bible-boodskap.txt	24	groei	31
eng-x-bible-amplified.txt	23	grow	31
eng-x-bible-clontz.txt	8	grow	31
eng-x-bible-amplified.txt	9	the	32
eng-x-bible-worldwide.txt	5	spread	32
deu-x-bible-neue.txt	3	Menschen	33
deu-x-bible-volxbibel.txt	4	Leute	33
eng-x-bible-amplified.txt	8	concerning	34
swe-x-bible-nyalevande.txt	3	om	34
