afr-x-bible-1953.txt	21	sy	1
afr-x-bible-1953.txt	24	sy	1
dan-x-bible-1931.txt	20	sin	1
deu-x-bible-elberfelder1871.txt	19	seine	1
deu-x-bible-elberfelder1871.txt	22	seinen	1
deu-x-bible-elberfelder1905.txt	19	seine	1
deu-x-bible-elberfelder1905.txt	22	seinen	1
deu-x-bible-freebible.txt	19	seine	1
deu-x-bible-freebible.txt	22	seinen	1
deu-x-bible-gruenewalder.txt	20	seine	1
deu-x-bible-luther1545.txt	21	seinen	1
deu-x-bible-luther1545letztehand.txt	21	seinen	1
deu-x-bible-luther1912.txt	19	seine	1
deu-x-bible-luther1912.txt	22	seinen	1
deu-x-bible-menge.txt	19	seine	1
deu-x-bible-pattloch.txt	23	seine	1
deu-x-bible-pattloch.txt	28	seines	1
deu-x-bible-schlachter.txt	20	seine	1
deu-x-bible-schlachter.txt	23	seinen	1
deu-x-bible-tafelbibel.txt	23	seine	1
deu-x-bible-tafelbibel.txt	26	seinen	1
deu-x-bible-textbibel.txt	17	seine	1
eng-x-bible-darby.txt	19	his	1
eng-x-bible-darby.txt	22	his	1
eng-x-bible-kingjames.txt	20	his	1
eng-x-bible-kingjames.txt	23	his	1
eng-x-bible-literal.txt	19	his	1
eng-x-bible-literal.txt	22	his	1
eng-x-bible-newsimplified.txt	22	his	1
nld-x-bible-statenvertaling.txt	20	zijn	1
nld-x-bible-statenvertaling.txt	23	zijn	1
nor-x-bible-1930.txt	17	sin	1
afr-x-bible-1953.txt	17	.	2
dan-x-bible-1931.txt	15	!	2
dan-x-bible-1931.txt	16	"	2
deu-x-bible-elberfelder1871.txt	15	.	2
deu-x-bible-elberfelder1905.txt	15	.	2
deu-x-bible-freebible.txt	15	.	2
deu-x-bible-gruenewalder.txt	15	!	2
deu-x-bible-gruenewalder.txt	16	«	2
deu-x-bible-luther1545.txt	15	.	2
deu-x-bible-luther1545letztehand.txt	15	.	2
deu-x-bible-luther1912.txt	15	.	2
deu-x-bible-menge.txt	15	!	2
deu-x-bible-menge.txt	16	«	2
deu-x-bible-neue.txt	13	!	2
deu-x-bible-neue.txt	14	"	2
deu-x-bible-pattloch.txt	19	!	2
deu-x-bible-pattloch.txt	20	"	2
deu-x-bible-schlachter.txt	16	!	2
deu-x-bible-tafelbibel.txt	17	.	2
deu-x-bible-textbibel.txt	13	!	2
deu-x-bible-zuercher.txt	16	!	2
eng-x-bible-darby.txt	15	.	2
eng-x-bible-kingjames.txt	16	.	2
eng-x-bible-literal.txt	15	.	2
eng-x-bible-newsimplified.txt	14	.	2
eng-x-bible-newsimplified.txt	15	«	2
nld-x-bible-statenvertaling.txt	16	.	2
nor-x-bible-1930.txt	13	!	2
nor-x-bible-student.txt	14	!	2
nor-x-bible-student.txt	15	»	2
swe-x-bible-folk1998.txt	16	.	2
swe-x-bible-folk1998.txt	17	"	2
afr-x-bible-1953.txt	1	En	3
dan-x-bible-1931.txt	1	Og	3
deu-x-bible-elberfelder1871.txt	1	Und	3
deu-x-bible-elberfelder1905.txt	1	Und	3
deu-x-bible-freebible.txt	1	Und	3
deu-x-bible-gruenewalder.txt	1	Der	3
deu-x-bible-luther1545.txt	1	Und	3
deu-x-bible-luther1545letztehand.txt	1	VND	3
deu-x-bible-luther1912.txt	1	Und	3
deu-x-bible-menge.txt	1	Weiter	3
deu-x-bible-neue.txt	1	Dann	3
deu-x-bible-pattloch.txt	1	Der	3
deu-x-bible-schlachter.txt	1	Und	3
deu-x-bible-tafelbibel.txt	1	Und	3
deu-x-bible-textbibel.txt	1	Hierauf	3
deu-x-bible-zuercher.txt	1	Und	3
eng-x-bible-darby.txt	1	And	3
eng-x-bible-kingjames.txt	1	And	3
eng-x-bible-literal.txt	1	And	3
eng-x-bible-newsimplified.txt	4	Moses	3
nld-x-bible-statenvertaling.txt	1	En	3
nor-x-bible-1930.txt	1	Og	3
nor-x-bible-student.txt	1	Og	3
swe-x-bible-folk1998.txt	1	Men	3
swe-x-bible-folk1998.txt	5	Mose	3
afr-x-bible-1953.txt	19	hy	4
dan-x-bible-1931.txt	19	han	4
deu-x-bible-elberfelder1871.txt	17	er	4
deu-x-bible-elberfelder1905.txt	17	er	4
deu-x-bible-freebible.txt	17	er	4
deu-x-bible-gruenewalder.txt	19	er	4
deu-x-bible-luther1545.txt	17	er	4
deu-x-bible-luther1545letztehand.txt	17	er	4
deu-x-bible-luther1912.txt	17	er	4
deu-x-bible-menge.txt	17	Er	4
deu-x-bible-neue.txt	16	tat	4
deu-x-bible-pattloch.txt	21	Er	4
deu-x-bible-schlachter.txt	19	er	4
deu-x-bible-tafelbibel.txt	19	er	4
deu-x-bible-textbibel.txt	16	er	4
deu-x-bible-zuercher.txt	18	er	4
eng-x-bible-darby.txt	17	he	4
eng-x-bible-kingjames.txt	18	he	4
eng-x-bible-literal.txt	17	he	4
eng-x-bible-newsimplified.txt	20	he	4
nld-x-bible-statenvertaling.txt	18	hij	4
nor-x-bible-1930.txt	15	han	4
nor-x-bible-student.txt	18	han	4
swe-x-bible-folk1998.txt	20	han	4
afr-x-bible-1953.txt	14	in	5
dan-x-bible-1931.txt	12	ind	5
deu-x-bible-elberfelder1871.txt	12	in	5
deu-x-bible-elberfelder1905.txt	12	in	5
deu-x-bible-freebible.txt	12	in	5
deu-x-bible-gruenewalder.txt	12	in	5
deu-x-bible-luther1545.txt	12	in	5
deu-x-bible-luther1545letztehand.txt	12	in	5
deu-x-bible-luther1912.txt	12	in	5
deu-x-bible-menge.txt	12	in	5
deu-x-bible-neue.txt	10	in	5
deu-x-bible-pattloch.txt	14	in	5
deu-x-bible-schlachter.txt	13	in	5
deu-x-bible-tafelbibel.txt	10	herein	5
deu-x-bible-tafelbibel.txt	14	in	5
deu-x-bible-textbibel.txt	10	in	5
deu-x-bible-zuercher.txt	13	in	5
eng-x-bible-darby.txt	12	into	5
eng-x-bible-kingjames.txt	13	into	5
eng-x-bible-literal.txt	12	into	5
eng-x-bible-newsimplified.txt	11	inside	5
nld-x-bible-statenvertaling.txt	13	in	5
nor-x-bible-1930.txt	11	i	5
nor-x-bible-student.txt	12	i	5
swe-x-bible-folk1998.txt	14	i	5
afr-x-bible-1953.txt	41	!	6
dan-x-bible-1931.txt	43	.	6
deu-x-bible-elberfelder1871.txt	40	.	6
deu-x-bible-elberfelder1905.txt	40	.	6
deu-x-bible-freebible.txt	40	.	6
deu-x-bible-gruenewalder.txt	38	.	6
deu-x-bible-luther1545.txt	36	.	6
deu-x-bible-luther1545letztehand.txt	37	.	6
deu-x-bible-luther1912.txt	37	.	6
deu-x-bible-menge.txt	40	.	6
deu-x-bible-neue.txt	35	.	6
deu-x-bible-pattloch.txt	44	.	6
deu-x-bible-schlachter.txt	41	.	6
deu-x-bible-tafelbibel.txt	34	!	6
deu-x-bible-tafelbibel.txt	42	.	6
deu-x-bible-textbibel.txt	37	.	6
deu-x-bible-zuercher.txt	43	.	6
eng-x-bible-darby.txt	40	.	6
eng-x-bible-kingjames.txt	41	.	6
eng-x-bible-literal.txt	41	.	6
eng-x-bible-newsimplified.txt	37	.	6
nld-x-bible-statenvertaling.txt	43	.	6
nor-x-bible-1930.txt	39	.	6
nor-x-bible-student.txt	45	.	6
swe-x-bible-folk1998.txt	37	.	6
dan-x-bible-1931.txt	10	din	7
deu-x-bible-elberfelder1871.txt	10	deine	7
deu-x-bible-elberfelder1905.txt	10	deine	7
deu-x-bible-freebible.txt	10	deine	7
deu-x-bible-gruenewalder.txt	10	deine	7
deu-x-bible-luther1545.txt	10	deine	7
deu-x-bible-luther1545letztehand.txt	10	deine	7
deu-x-bible-luther1912.txt	10	deine	7
deu-x-bible-menge.txt	10	deine	7
deu-x-bible-neue.txt	8	deine	7
deu-x-bible-pattloch.txt	12	deine	7
deu-x-bible-schlachter.txt	11	deine	7
deu-x-bible-tafelbibel.txt	12	deine	7
deu-x-bible-textbibel.txt	8	deine	7
deu-x-bible-textbibel.txt	11	deine	7
deu-x-bible-zuercher.txt	11	deine	7
eng-x-bible-darby.txt	10	thy	7
eng-x-bible-kingjames.txt	11	thine	7
eng-x-bible-literal.txt	10	your	7
eng-x-bible-newsimplified.txt	9	your	7
nld-x-bible-statenvertaling.txt	11	uw	7
nor-x-bible-1930.txt	9	din	7
nor-x-bible-student.txt	11	di	7
swe-x-bible-folk1998.txt	8	Räck	7
afr-x-bible-1953.txt	13	hand	8
dan-x-bible-1931.txt	11	Hånd	8
deu-x-bible-elberfelder1871.txt	11	Hand	8
deu-x-bible-elberfelder1905.txt	11	Hand	8
deu-x-bible-freebible.txt	11	Hand	8
deu-x-bible-gruenewalder.txt	11	Hand	8
deu-x-bible-luther1545.txt	11	Hand	8
deu-x-bible-luther1545letztehand.txt	11	hand	8
deu-x-bible-luther1912.txt	11	Hand	8
deu-x-bible-menge.txt	11	Hand	8
deu-x-bible-neue.txt	9	Hand	8
deu-x-bible-pattloch.txt	13	Hand	8
deu-x-bible-schlachter.txt	12	Hand	8
deu-x-bible-tafelbibel.txt	13	Hand	8
deu-x-bible-textbibel.txt	9	Hand	8
deu-x-bible-zuercher.txt	12	Hand	8
eng-x-bible-darby.txt	11	hand	8
eng-x-bible-kingjames.txt	12	hand	8
eng-x-bible-literal.txt	11	hand	8
eng-x-bible-newsimplified.txt	10	hand	8
nld-x-bible-statenvertaling.txt	12	hand	8
nor-x-bible-1930.txt	10	hånd	8
nor-x-bible-student.txt	10	handi	8
swe-x-bible-folk1998.txt	10	handen	8
afr-x-bible-1953.txt	3	HERE	9
dan-x-bible-1931.txt	2	HERREN	9
deu-x-bible-elberfelder1871.txt	2	Jehova	9
deu-x-bible-elberfelder1905.txt	2	Jehova	9
deu-x-bible-freebible.txt	2	Jahwe	9
deu-x-bible-gruenewalder.txt	2	Herr	9
deu-x-bible-luther1545.txt	3	HERR	9
deu-x-bible-luther1545letztehand.txt	3	HERR	9
deu-x-bible-luther1912.txt	3	HERR	9
deu-x-bible-menge.txt	4	HERR	9
deu-x-bible-neue.txt	3	Jahwe	9
deu-x-bible-pattloch.txt	2	Herr	9
deu-x-bible-schlachter.txt	3	HERR	9
deu-x-bible-tafelbibel.txt	2	Jehovah	9
deu-x-bible-textbibel.txt	4	Jahwe	9
deu-x-bible-zuercher.txt	3	Herr	9
eng-x-bible-darby.txt	2	Jehovah	9
eng-x-bible-kingjames.txt	3	LORD	9
eng-x-bible-literal.txt	2	Jehovah	9
eng-x-bible-newsimplified.txt	1	Jehovah	9
nld-x-bible-statenvertaling.txt	3	HEERE	9
nor-x-bible-1930.txt	2	Herren	9
nor-x-bible-student.txt	4	Herren	9
swe-x-bible-folk1998.txt	2	Herren	9
afr-x-bible-1953.txt	40	sneeu	10
dan-x-bible-1931.txt	40	Sne	10
deu-x-bible-elberfelder1871.txt	39	Schnee	10
deu-x-bible-elberfelder1905.txt	39	Schnee	10
deu-x-bible-freebible.txt	39	Schnee	10
deu-x-bible-gruenewalder.txt	37	Schnee	10
deu-x-bible-luther1545.txt	35	Schnee	10
deu-x-bible-luther1545letztehand.txt	36	schnee	10
deu-x-bible-luther1912.txt	36	Schnee	10
deu-x-bible-menge.txt	39	Schnee	10
deu-x-bible-neue.txt	34	Schnee	10
deu-x-bible-pattloch.txt	43	Schnee	10
deu-x-bible-schlachter.txt	40	Schnee	10
deu-x-bible-tafelbibel.txt	41	Schnee	10
deu-x-bible-textbibel.txt	35	schneeweiß	10
deu-x-bible-zuercher.txt	42	Schnee	10
eng-x-bible-darby.txt	39	snow	10
eng-x-bible-kingjames.txt	40	snow	10
eng-x-bible-literal.txt	40	snow	10
eng-x-bible-newsimplified.txt	36	snow	10
nld-x-bible-statenvertaling.txt	42	sneeuw	10
nor-x-bible-1930.txt	38	sne	10
nor-x-bible-student.txt	44	snø	10
afr-x-bible-1953.txt	8	gesê	11
dan-x-bible-1931.txt	3	sagde	11
deu-x-bible-elberfelder1871.txt	3	sprach	11
deu-x-bible-elberfelder1905.txt	3	sprach	11
deu-x-bible-freebible.txt	3	sprach	11
deu-x-bible-gruenewalder.txt	3	sprach	11
deu-x-bible-luther1545.txt	4	sprach	11
deu-x-bible-luther1545letztehand.txt	4	sprach	11
deu-x-bible-luther1912.txt	4	sprach	11
deu-x-bible-menge.txt	2	sagte	11
deu-x-bible-neue.txt	2	befahl	11
deu-x-bible-schlachter.txt	4	sprach	11
deu-x-bible-tafelbibel.txt	3	sprach	11
deu-x-bible-textbibel.txt	2	befahl	11
deu-x-bible-zuercher.txt	4	sprach	11
eng-x-bible-darby.txt	3	said	11
eng-x-bible-kingjames.txt	4	said	11
eng-x-bible-literal.txt	3	said	11
eng-x-bible-newsimplified.txt	2	spoke	11
nld-x-bible-statenvertaling.txt	4	zeide	11
nor-x-bible-1930.txt	3	sa	11
nor-x-bible-student.txt	3	sagde	11
swe-x-bible-folk1998.txt	3	sade	11
afr-x-bible-1953.txt	37	melaats	12
dan-x-bible-1931.txt	42	Spedalskhed	12
deu-x-bible-elberfelder1871.txt	37	aussätzig	12
deu-x-bible-elberfelder1905.txt	37	aussätzig	12
deu-x-bible-freebible.txt	37	aussätzig	12
deu-x-bible-gruenewalder.txt	35	aussätzig	12
deu-x-bible-luther1545.txt	33	aussätzig	12
deu-x-bible-luther1545letztehand.txt	34	aussetzig	12
deu-x-bible-luther1912.txt	34	aussätzig	12
deu-x-bible-menge.txt	36	Aussatz	12
deu-x-bible-neue.txt	30	Aussatz	12
deu-x-bible-pattloch.txt	39	Aussatz	12
deu-x-bible-schlachter.txt	38	aussätzig	12
deu-x-bible-tafelbibel.txt	38	aussätzig	12
deu-x-bible-textbibel.txt	33	aussätzig	12
deu-x-bible-zuercher.txt	39	Aussatz	12
eng-x-bible-darby.txt	36	leprous	12
eng-x-bible-kingjames.txt	38	leprous	12
eng-x-bible-literal.txt	38	leprous	12
eng-x-bible-newsimplified.txt	28	diseased	12
nld-x-bible-statenvertaling.txt	38	melaats	12
nor-x-bible-1930.txt	35	spedalsk	12
afr-x-bible-1953.txt	34	was	13
dan-x-bible-1931.txt	36	var	13
deu-x-bible-elberfelder1871.txt	36	war	13
deu-x-bible-elberfelder1905.txt	36	war	13
deu-x-bible-freebible.txt	36	war	13
deu-x-bible-gruenewalder.txt	32	war	13
deu-x-bible-luther1545.txt	31	war	13
deu-x-bible-luther1545letztehand.txt	32	war	13
deu-x-bible-luther1912.txt	33	war	13
deu-x-bible-menge.txt	32	war	13
deu-x-bible-neue.txt	27	war	13
deu-x-bible-pattloch.txt	37	war	13
deu-x-bible-schlachter.txt	35	war	13
deu-x-bible-tafelbibel.txt	37	war	13
deu-x-bible-textbibel.txt	30	war	13
deu-x-bible-zuercher.txt	36	war	13
eng-x-bible-darby.txt	35	was	13
eng-x-bible-kingjames.txt	37	was	13
eng-x-bible-literal.txt	37	was	13
eng-x-bible-newsimplified.txt	27	was	13
nld-x-bible-statenvertaling.txt	37	was	13
nor-x-bible-1930.txt	32	var	13
nor-x-bible-student.txt	37	var	13
afr-x-bible-1953.txt	18	En	14
dan-x-bible-1931.txt	17	Da	14
deu-x-bible-elberfelder1871.txt	16	Und	14
deu-x-bible-elberfelder1905.txt	16	Und	14
deu-x-bible-freebible.txt	16	Und	14
deu-x-bible-gruenewalder.txt	17	Da	14
deu-x-bible-luther1545.txt	16	Und	14
deu-x-bible-luther1545letztehand.txt	16	Vnd	14
deu-x-bible-luther1912.txt	16	Und	14
deu-x-bible-neue.txt	15	Mose	14
deu-x-bible-schlachter.txt	17	Da	14
deu-x-bible-tafelbibel.txt	18	Und	14
deu-x-bible-textbibel.txt	14	Da	14
deu-x-bible-zuercher.txt	17	Und	14
eng-x-bible-darby.txt	16	And	14
eng-x-bible-kingjames.txt	17	And	14
eng-x-bible-literal.txt	16	And	14
eng-x-bible-newsimplified.txt	16	Moses	14
nld-x-bible-statenvertaling.txt	17	En	14
nor-x-bible-1930.txt	14	Og	14
nor-x-bible-student.txt	16	So	14
swe-x-bible-folk1998.txt	18	Då	14
afr-x-bible-1953.txt	22	hand	15
dan-x-bible-1931.txt	21	Hånd	15
deu-x-bible-elberfelder1871.txt	20	Hand	15
deu-x-bible-elberfelder1905.txt	20	Hand	15
deu-x-bible-freebible.txt	20	Hand	15
deu-x-bible-gruenewalder.txt	21	Hand	15
deu-x-bible-luther1912.txt	20	Hand	15
deu-x-bible-menge.txt	20	Hand	15
deu-x-bible-neue.txt	23	Hand	15
deu-x-bible-pattloch.txt	24	Hand	15
deu-x-bible-schlachter.txt	21	Hand	15
deu-x-bible-tafelbibel.txt	24	Hand	15
deu-x-bible-textbibel.txt	18	Hand	15
deu-x-bible-zuercher.txt	21	Hand	15
eng-x-bible-darby.txt	20	hand	15
eng-x-bible-kingjames.txt	21	hand	15
eng-x-bible-literal.txt	20	hand	15
eng-x-bible-newsimplified.txt	23	hand	15
nld-x-bible-statenvertaling.txt	21	hand	15
nor-x-bible-1930.txt	18	hånd	15
nor-x-bible-student.txt	19	handi	15
swe-x-bible-folk1998.txt	22	handen	15
afr-x-bible-1953.txt	16	boesem	16
dan-x-bible-1931.txt	14	Brystet	16
deu-x-bible-elberfelder1871.txt	14	Busen	16
deu-x-bible-elberfelder1905.txt	14	Busen	16
deu-x-bible-freebible.txt	14	Busen	16
deu-x-bible-gruenewalder.txt	14	Busen	16
deu-x-bible-luther1545.txt	14	Busen	16
deu-x-bible-luther1545letztehand.txt	14	bosen	16
deu-x-bible-luther1912.txt	14	Busen	16
deu-x-bible-menge.txt	14	Busen	16
deu-x-bible-pattloch.txt	16	Bausch	16
deu-x-bible-schlachter.txt	15	Busen	16
deu-x-bible-tafelbibel.txt	16	Busen	16
deu-x-bible-textbibel.txt	12	Busentasche	16
deu-x-bible-zuercher.txt	15	Busen	16
eng-x-bible-darby.txt	14	bosom	16
eng-x-bible-kingjames.txt	15	bosom	16
eng-x-bible-literal.txt	14	bosom	16
nld-x-bible-statenvertaling.txt	15	boezem	16
nor-x-bible-1930.txt	12	barmen	16
nor-x-bible-student.txt	13	barmen	16
afr-x-bible-1953.txt	39	soos	17
dan-x-bible-1931.txt	39	som	17
deu-x-bible-elberfelder1871.txt	38	wie	17
deu-x-bible-elberfelder1905.txt	38	wie	17
deu-x-bible-freebible.txt	38	wie	17
deu-x-bible-gruenewalder.txt	36	wie	17
deu-x-bible-luther1545.txt	34	wie	17
deu-x-bible-luther1545letztehand.txt	35	wie	17
deu-x-bible-luther1912.txt	35	wie	17
deu-x-bible-menge.txt	38	wie	17
deu-x-bible-neue.txt	33	wie	17
deu-x-bible-pattloch.txt	42	wie	17
deu-x-bible-schlachter.txt	39	wie	17
deu-x-bible-tafelbibel.txt	40	wie	17
deu-x-bible-zuercher.txt	41	wie	17
eng-x-bible-darby.txt	38	as	17
eng-x-bible-kingjames.txt	39	as	17
eng-x-bible-literal.txt	39	like	17
eng-x-bible-newsimplified.txt	35	like	17
nld-x-bible-statenvertaling.txt	41	als	17
nor-x-bible-1930.txt	37	som	17
nor-x-bible-student.txt	43	som	17
afr-x-bible-1953.txt	7	hom	18
dan-x-bible-1931.txt	6	ham	18
deu-x-bible-elberfelder1871.txt	6	ihm	18
deu-x-bible-elberfelder1905.txt	6	ihm	18
deu-x-bible-freebible.txt	6	ihm	18
deu-x-bible-gruenewalder.txt	6	ihm	18
deu-x-bible-luther1545.txt	7	ihm	18
deu-x-bible-luther1545letztehand.txt	7	jm	18
deu-x-bible-luther1912.txt	7	ihm	18
deu-x-bible-menge.txt	6	ihm	18
deu-x-bible-neue.txt	4	ihm	18
deu-x-bible-pattloch.txt	7	ihn	18
deu-x-bible-schlachter.txt	7	ihm	18
deu-x-bible-tafelbibel.txt	6	ihm	18
deu-x-bible-textbibel.txt	3	ihm	18
deu-x-bible-zuercher.txt	7	ihm	18
eng-x-bible-darby.txt	6	him	18
eng-x-bible-kingjames.txt	7	him	18
eng-x-bible-literal.txt	5	him	18
nld-x-bible-statenvertaling.txt	7	hem	18
nor-x-bible-1930.txt	6	ham	18
nor-x-bible-student.txt	6	honom	18
afr-x-bible-1953.txt	23	in	19
dan-x-bible-1931.txt	22	ind	19
deu-x-bible-elberfelder1871.txt	21	in	19
deu-x-bible-elberfelder1905.txt	21	in	19
deu-x-bible-freebible.txt	21	in	19
deu-x-bible-gruenewalder.txt	22	in	19
deu-x-bible-luther1545.txt	20	in	19
deu-x-bible-luther1545letztehand.txt	20	in	19
deu-x-bible-luther1912.txt	21	in	19
deu-x-bible-menge.txt	21	in	19
deu-x-bible-pattloch.txt	25	in	19
deu-x-bible-schlachter.txt	22	in	19
deu-x-bible-tafelbibel.txt	22	herein	19
deu-x-bible-tafelbibel.txt	25	in	19
deu-x-bible-textbibel.txt	19	in	19
deu-x-bible-zuercher.txt	22	in	19
eng-x-bible-darby.txt	21	into	19
eng-x-bible-kingjames.txt	22	into	19
eng-x-bible-literal.txt	21	into	19
nld-x-bible-statenvertaling.txt	22	in	19
nor-x-bible-1930.txt	19	i	19
nor-x-bible-student.txt	20	i	19
afr-x-bible-1953.txt	10	Steek	20
dan-x-bible-1931.txt	9	Stik	20
deu-x-bible-elberfelder1871.txt	8	Stecke	20
deu-x-bible-elberfelder1905.txt	8	Stecke	20
deu-x-bible-freebible.txt	8	Stecke	20
deu-x-bible-luther1545.txt	9	Stecke	20
deu-x-bible-luther1912.txt	9	Stecke	20
deu-x-bible-menge.txt	9	Stecke	20
deu-x-bible-neue.txt	7	Steck	20
deu-x-bible-pattloch.txt	3	setzte	20
deu-x-bible-pattloch.txt	11	Stecke	20
deu-x-bible-schlachter.txt	9	Stecke	20
deu-x-bible-tafelbibel.txt	8	Strecke	20
deu-x-bible-tafelbibel.txt	9	bringe	20
deu-x-bible-textbibel.txt	7	Stecke	20
deu-x-bible-zuercher.txt	9	Stecke	20
eng-x-bible-darby.txt	8	Put	20
eng-x-bible-kingjames.txt	9	Put	20
eng-x-bible-literal.txt	9	put	20
eng-x-bible-newsimplified.txt	8	Put	20
nld-x-bible-statenvertaling.txt	9	Steek	20
nor-x-bible-1930.txt	8	Stikk	20
nor-x-bible-student.txt	9	Stikk	20
afr-x-bible-1953.txt	9	:	21
dan-x-bible-1931.txt	7	:	21
deu-x-bible-elberfelder1871.txt	7	:	21
deu-x-bible-elberfelder1905.txt	7	:	21
deu-x-bible-freebible.txt	7	:	21
deu-x-bible-gruenewalder.txt	7	:	21
deu-x-bible-luther1545.txt	8	:	21
deu-x-bible-luther1912.txt	8	:	21
deu-x-bible-menge.txt	7	:	21
deu-x-bible-neue.txt	5	:	21
deu-x-bible-pattloch.txt	9	:	21
deu-x-bible-schlachter.txt	8	:	21
deu-x-bible-tafelbibel.txt	7	:	21
deu-x-bible-textbibel.txt	6	:	21
deu-x-bible-zuercher.txt	8	:	21
eng-x-bible-newsimplified.txt	6	:	21
nld-x-bible-statenvertaling.txt	8	:	21
nor-x-bible-1930.txt	7	:	21
nor-x-bible-student.txt	7	:	21
swe-x-bible-folk1998.txt	6	:	21
afr-x-bible-1953.txt	25	boesem	22
dan-x-bible-1931.txt	24	Brystet	22
deu-x-bible-elberfelder1871.txt	23	Busen	22
deu-x-bible-elberfelder1905.txt	23	Busen	22
deu-x-bible-freebible.txt	23	Busen	22
deu-x-bible-gruenewalder.txt	24	Busen	22
deu-x-bible-luther1545.txt	22	Busen	22
deu-x-bible-luther1545letztehand.txt	22	bosen	22
deu-x-bible-luther1912.txt	23	Busen	22
deu-x-bible-menge.txt	23	Busen	22
deu-x-bible-pattloch.txt	27	Bausch	22
deu-x-bible-schlachter.txt	24	Busen	22
deu-x-bible-tafelbibel.txt	27	Busen	22
deu-x-bible-textbibel.txt	21	Busentasche	22
deu-x-bible-zuercher.txt	24	Busen	22
eng-x-bible-darby.txt	23	bosom	22
eng-x-bible-kingjames.txt	24	bosom	22
eng-x-bible-literal.txt	23	bosom	22
nld-x-bible-statenvertaling.txt	24	boezem	22
nor-x-bible-1930.txt	20	barmen	22
nor-x-bible-student.txt	21	barmen	22
afr-x-bible-1953.txt	6	vir	23
dan-x-bible-1931.txt	5	til	23
deu-x-bible-elberfelder1871.txt	5	zu	23
deu-x-bible-elberfelder1905.txt	5	zu	23
deu-x-bible-freebible.txt	5	zu	23
deu-x-bible-gruenewalder.txt	5	zu	23
deu-x-bible-luther1545.txt	6	zu	23
deu-x-bible-luther1545letztehand.txt	6	zu	23
deu-x-bible-luther1912.txt	6	zu	23
deu-x-bible-menge.txt	5	zu	23
deu-x-bible-schlachter.txt	6	zu	23
deu-x-bible-tafelbibel.txt	5	zu	23
deu-x-bible-zuercher.txt	6	zu	23
eng-x-bible-darby.txt	5	to	23
eng-x-bible-kingjames.txt	6	unto	23
eng-x-bible-literal.txt	4	to	23
eng-x-bible-newsimplified.txt	3	to	23
nld-x-bible-statenvertaling.txt	6	tot	23
nor-x-bible-1930.txt	5	til	23
nor-x-bible-student.txt	5	til	23
swe-x-bible-folk1998.txt	4	till	23
afr-x-bible-1953.txt	26	gesteek	24
dan-x-bible-1931.txt	18	stak	24
deu-x-bible-elberfelder1871.txt	18	steckte	24
deu-x-bible-elberfelder1905.txt	18	steckte	24
deu-x-bible-freebible.txt	18	steckte	24
deu-x-bible-luther1545.txt	18	steckte	24
deu-x-bible-luther1545letztehand.txt	18	steckt	24
deu-x-bible-luther1912.txt	18	steckte	24
deu-x-bible-menge.txt	18	steckte	24
deu-x-bible-pattloch.txt	22	steckte	24
deu-x-bible-schlachter.txt	18	steckte	24
deu-x-bible-tafelbibel.txt	20	streckte	24
deu-x-bible-textbibel.txt	15	steckte	24
deu-x-bible-zuercher.txt	19	steckte	24
eng-x-bible-darby.txt	18	put	24
eng-x-bible-kingjames.txt	19	put	24
eng-x-bible-literal.txt	18	put	24
nld-x-bible-statenvertaling.txt	19	stak	24
nor-x-bible-1930.txt	16	stakk	24
nor-x-bible-student.txt	17	stakk	24
swe-x-bible-folk1998.txt	19	räckte	24
afr-x-bible-1953.txt	28	en	25
dan-x-bible-1931.txt	26	og	25
deu-x-bible-elberfelder1871.txt	25	und	25
deu-x-bible-elberfelder1905.txt	25	und	25
deu-x-bible-freebible.txt	25	und	25
deu-x-bible-gruenewalder.txt	26	und	25
deu-x-bible-luther1545.txt	23	und	25
deu-x-bible-luther1545letztehand.txt	24	vnd	25
deu-x-bible-luther1912.txt	24	und	25
deu-x-bible-menge.txt	25	und	25
deu-x-bible-pattloch.txt	30	und	25
deu-x-bible-schlachter.txt	26	und	25
deu-x-bible-tafelbibel.txt	28	und	25
deu-x-bible-zuercher.txt	26	und	25
eng-x-bible-darby.txt	25	and	25
eng-x-bible-kingjames.txt	26	and	25
eng-x-bible-literal.txt	25	and	25
nor-x-bible-student.txt	29	og	25
swe-x-bible-folk1998.txt	23	och	25
afr-x-bible-1953.txt	5	verder	26
dan-x-bible-1931.txt	4	fremdeles	26
deu-x-bible-elberfelder1871.txt	4	weiter	26
deu-x-bible-elberfelder1905.txt	4	weiter	26
deu-x-bible-freebible.txt	4	weiter	26
deu-x-bible-gruenewalder.txt	4	weiter	26
deu-x-bible-luther1545.txt	5	weiter	26
deu-x-bible-luther1545letztehand.txt	5	weiter	26
deu-x-bible-luther1912.txt	5	weiter	26
deu-x-bible-pattloch.txt	5	Rede	26
deu-x-bible-pattloch.txt	8	fort	26
deu-x-bible-schlachter.txt	5	weiter	26
deu-x-bible-tafelbibel.txt	4	weiter	26
deu-x-bible-textbibel.txt	5	nochmals	26
deu-x-bible-zuercher.txt	5	weiter	26
eng-x-bible-literal.txt	6	again	26
eng-x-bible-newsimplified.txt	5	again	26
nld-x-bible-statenvertaling.txt	5	verder	26
nor-x-bible-1930.txt	4	fremdeles	26
nor-x-bible-student.txt	2	endå	26
afr-x-bible-1953.txt	12	jou	27
afr-x-bible-1953.txt	15	jou	27
deu-x-bible-elberfelder1871.txt	13	deinen	27
deu-x-bible-elberfelder1905.txt	13	deinen	27
deu-x-bible-freebible.txt	13	deinen	27
deu-x-bible-gruenewalder.txt	13	deinen	27
deu-x-bible-luther1545.txt	13	deinen	27
deu-x-bible-luther1545letztehand.txt	13	deinen	27
deu-x-bible-luther1912.txt	13	deinen	27
deu-x-bible-menge.txt	13	deinen	27
deu-x-bible-neue.txt	11	dein	27
deu-x-bible-pattloch.txt	17	deines	27
deu-x-bible-schlachter.txt	14	deinen	27
deu-x-bible-tafelbibel.txt	15	deinen	27
eng-x-bible-darby.txt	13	thy	27
eng-x-bible-kingjames.txt	14	thy	27
eng-x-bible-literal.txt	13	your	27
eng-x-bible-newsimplified.txt	12	your	27
nld-x-bible-statenvertaling.txt	14	uw	27
deu-x-bible-elberfelder1871.txt	28	sie	28
deu-x-bible-elberfelder1905.txt	28	sie	28
deu-x-bible-freebible.txt	28	sie	28
deu-x-bible-gruenewalder.txt	29	sie	28
deu-x-bible-luther1545.txt	25	sie	28
deu-x-bible-luther1545letztehand.txt	26	sie	28
deu-x-bible-luther1912.txt	26	sie	28
deu-x-bible-menge.txt	28	sie	28
deu-x-bible-neue.txt	28	sie	28
deu-x-bible-pattloch.txt	32	sie	28
deu-x-bible-schlachter.txt	29	sie	28
deu-x-bible-tafelbibel.txt	30	sie	28
deu-x-bible-textbibel.txt	25	sie	28
deu-x-bible-zuercher.txt	29	sie	28
nld-x-bible-statenvertaling.txt	29	ze	28
afr-x-bible-1953.txt	32	uittrek	29
dan-x-bible-1931.txt	31	ud	29
deu-x-bible-elberfelder1871.txt	29	heraus	29
deu-x-bible-elberfelder1905.txt	29	heraus	29
deu-x-bible-freebible.txt	29	heraus	29
deu-x-bible-luther1545.txt	26	heraus	29
deu-x-bible-luther1545letztehand.txt	27	eraus	29
deu-x-bible-luther1912.txt	28	heraus	29
deu-x-bible-pattloch.txt	34	heraus	29
deu-x-bible-tafelbibel.txt	31	heraus	29
eng-x-bible-darby.txt	28	out	29
eng-x-bible-kingjames.txt	31	out	29
eng-x-bible-literal.txt	29	out	29
eng-x-bible-newsimplified.txt	24	out	29
nld-x-bible-statenvertaling.txt	30	uit	29
nor-x-bible-1930.txt	27	ut	29
nor-x-bible-student.txt	26	ut	29
swe-x-bible-folk1998.txt	21	ut	29
dan-x-bible-1931.txt	33	se	30
deu-x-bible-elberfelder1871.txt	32	siehe	30
deu-x-bible-elberfelder1905.txt	32	siehe	30
deu-x-bible-freebible.txt	32	siehe	30
deu-x-bible-luther1545.txt	28	siehe	30
deu-x-bible-luther1545letztehand.txt	29	Sihe	30
deu-x-bible-luther1912.txt	30	siehe	30
deu-x-bible-schlachter.txt	32	siehe	30
deu-x-bible-tafelbibel.txt	33	siehe	30
deu-x-bible-zuercher.txt	33	siehe	30
eng-x-bible-darby.txt	31	behold	30
eng-x-bible-kingjames.txt	33	behold	30
eng-x-bible-literal.txt	33	behold	30
nld-x-bible-statenvertaling.txt	33	ziet	30
nor-x-bible-1930.txt	29	se	30
nor-x-bible-student.txt	33	sjå	30
afr-x-bible-1953.txt	30	hy	31
dan-x-bible-1931.txt	28	han	31
deu-x-bible-elberfelder1871.txt	26	er	31
deu-x-bible-elberfelder1905.txt	26	er	31
deu-x-bible-freebible.txt	26	er	31
deu-x-bible-gruenewalder.txt	28	er	31
deu-x-bible-menge.txt	27	er	31
deu-x-bible-neue.txt	21	er	31
deu-x-bible-schlachter.txt	28	er	31
deu-x-bible-textbibel.txt	24	er	31
deu-x-bible-zuercher.txt	28	er	31
eng-x-bible-kingjames.txt	28	he	31
eng-x-bible-literal.txt	26	he	31
nld-x-bible-statenvertaling.txt	28	hij	31
nor-x-bible-1930.txt	24	han	31
nor-x-bible-student.txt	31	han	31
afr-x-bible-1953.txt	35	sy	32
deu-x-bible-elberfelder1871.txt	34	seine	32
deu-x-bible-elberfelder1905.txt	34	seine	32
deu-x-bible-freebible.txt	34	seine	32
deu-x-bible-gruenewalder.txt	33	seine	32
deu-x-bible-menge.txt	33	seine	32
deu-x-bible-schlachter.txt	36	seine	32
deu-x-bible-tafelbibel.txt	35	seine	32
eng-x-bible-darby.txt	33	his	32
eng-x-bible-kingjames.txt	35	his	32
eng-x-bible-literal.txt	35	his	32
nld-x-bible-statenvertaling.txt	35	zijn	32
nor-x-bible-1930.txt	33	hans	32
nor-x-bible-student.txt	39	hans	32
swe-x-bible-folk1998.txt	35	hans	32
afr-x-bible-1953.txt	36	hand	33
deu-x-bible-elberfelder1871.txt	35	Hand	33
deu-x-bible-elberfelder1905.txt	35	Hand	33
deu-x-bible-freebible.txt	35	Hand	33
deu-x-bible-gruenewalder.txt	34	Hand	33
deu-x-bible-menge.txt	34	Hand	33
deu-x-bible-schlachter.txt	37	Hand	33
deu-x-bible-tafelbibel.txt	36	Hand	33
eng-x-bible-darby.txt	34	hand	33
eng-x-bible-kingjames.txt	36	hand	33
eng-x-bible-literal.txt	36	hand	33
nld-x-bible-statenvertaling.txt	36	hand	33
nor-x-bible-1930.txt	34	hånd	33
nor-x-bible-student.txt	38	handi	33
swe-x-bible-folk1998.txt	36	hand	33
dan-x-bible-1931.txt	29	trak	34
deu-x-bible-elberfelder1871.txt	27	zog	34
deu-x-bible-elberfelder1905.txt	27	zog	34
deu-x-bible-freebible.txt	27	zog	34
deu-x-bible-luther1545.txt	24	zog	34
deu-x-bible-luther1545letztehand.txt	25	zoch	34
deu-x-bible-luther1912.txt	25	zog	34
deu-x-bible-pattloch.txt	31	zog	34
deu-x-bible-tafelbibel.txt	29	zog	34
nld-x-bible-statenvertaling.txt	27	trok	34
nor-x-bible-1930.txt	25	drog	34
nor-x-bible-student.txt	24	drog	34
afr-x-bible-1953.txt	29	toe	35
dan-x-bible-1931.txt	27	da	35
deu-x-bible-gruenewalder.txt	27	als	35
deu-x-bible-menge.txt	26	als	35
deu-x-bible-neue.txt	20	als	35
deu-x-bible-schlachter.txt	27	als	35
deu-x-bible-textbibel.txt	23	Als	35
deu-x-bible-zuercher.txt	27	als	35
eng-x-bible-kingjames.txt	27	when	35
eng-x-bible-newsimplified.txt	19	When	35
nor-x-bible-1930.txt	23	da	35
nor-x-bible-student.txt	30	då	35
afr-x-bible-1953.txt	11	tog	36
deu-x-bible-elberfelder1871.txt	9	doch	36
deu-x-bible-elberfelder1905.txt	9	doch	36
deu-x-bible-freebible.txt	9	doch	36
deu-x-bible-schlachter.txt	10	doch	36
deu-x-bible-tafelbibel.txt	11	doch	36
deu-x-bible-zuercher.txt	10	doch	36
eng-x-bible-darby.txt	9	now	36
eng-x-bible-kingjames.txt	10	now	36
eng-x-bible-literal.txt	8	Now	36
nld-x-bible-statenvertaling.txt	10	nu	36
afr-x-bible-1953.txt	27	;	37
deu-x-bible-elberfelder1871.txt	24	;	37
deu-x-bible-elberfelder1905.txt	24	;	37
deu-x-bible-freebible.txt	24	;	37
deu-x-bible-luther1545.txt	27	;	37
deu-x-bible-luther1912.txt	29	;	37
deu-x-bible-schlachter.txt	25	;	37
deu-x-bible-zuercher.txt	25	;	37
eng-x-bible-kingjames.txt	25	:	37
nld-x-bible-statenvertaling.txt	25	;	37
nor-x-bible-1930.txt	21	;	37
deu-x-bible-luther1912.txt	27	wieder	38
deu-x-bible-menge.txt	29	wieder	38
deu-x-bible-neue.txt	24	wieder	38
deu-x-bible-pattloch.txt	33	wieder	38
deu-x-bible-textbibel.txt	27	wieder	38
deu-x-bible-zuercher.txt	30	wieder	38
nld-x-bible-statenvertaling.txt	26	daarna	38
nor-x-bible-student.txt	27	att	38
swe-x-bible-folk1998.txt	30	åter	38
afr-x-bible-1953.txt	2	die	39
deu-x-bible-luther1545.txt	2	der	39
deu-x-bible-luther1545letztehand.txt	2	der	39
deu-x-bible-luther1912.txt	2	der	39
deu-x-bible-menge.txt	3	der	39
deu-x-bible-schlachter.txt	2	der	39
deu-x-bible-zuercher.txt	2	der	39
eng-x-bible-kingjames.txt	2	the	39
nld-x-bible-statenvertaling.txt	2	de	39
deu-x-bible-elberfelder1871.txt	31	und	40
deu-x-bible-elberfelder1905.txt	31	und	40
deu-x-bible-freebible.txt	31	und	40
deu-x-bible-tafelbibel.txt	32	und	40
eng-x-bible-darby.txt	30	and	40
eng-x-bible-literal.txt	31	and	40
nld-x-bible-statenvertaling.txt	32	en	40
swe-x-bible-folk1998.txt	27	och	40
afr-x-bible-1953.txt	31	dit	41
dan-x-bible-1931.txt	30	den	41
eng-x-bible-darby.txt	27	it	41
eng-x-bible-kingjames.txt	30	it	41
eng-x-bible-literal.txt	28	it	41
eng-x-bible-newsimplified.txt	26	it	41
nor-x-bible-1930.txt	26	den	41
swe-x-bible-folk1998.txt	28	den	41
dan-x-bible-1931.txt	38	hvid	42
deu-x-bible-menge.txt	37	weiß	42
deu-x-bible-neue.txt	32	weiß	42
deu-x-bible-pattloch.txt	40	weiß	42
deu-x-bible-zuercher.txt	40	weiss	42
eng-x-bible-newsimplified.txt	32	white	42
nld-x-bible-statenvertaling.txt	40	wit	42
nor-x-bible-student.txt	42	kvit	42
dan-x-bible-1931.txt	35	da	43
deu-x-bible-luther1545.txt	30	da	43
deu-x-bible-luther1545letztehand.txt	31	da	43
deu-x-bible-luther1912.txt	32	da	43
deu-x-bible-schlachter.txt	34	da	43
deu-x-bible-zuercher.txt	35	da	43
nor-x-bible-1930.txt	31	da	43
dan-x-bible-1931.txt	8	"	44
deu-x-bible-gruenewalder.txt	8	»	44
deu-x-bible-menge.txt	8	»	44
deu-x-bible-neue.txt	6	"	44
deu-x-bible-pattloch.txt	10	"	44
eng-x-bible-newsimplified.txt	7	»	44
nor-x-bible-student.txt	8	«	44
swe-x-bible-folk1998.txt	7	"	44
deu-x-bible-gruenewalder.txt	18	brachte	45
deu-x-bible-tafelbibel.txt	21	brachte	45
eng-x-bible-darby.txt	26	took	45
eng-x-bible-kingjames.txt	29	took	45
eng-x-bible-literal.txt	27	brought	45
eng-x-bible-newsimplified.txt	21	took	45
swe-x-bible-folk1998.txt	24	grep	45
dan-x-bible-1931.txt	41	af	46
deu-x-bible-menge.txt	35	vom	46
deu-x-bible-pattloch.txt	38	vom	46
deu-x-bible-zuercher.txt	38	vom	46
deu-x-bible-gruenewalder.txt	23	den	47
deu-x-bible-menge.txt	22	den	47
deu-x-bible-pattloch.txt	26	den	47
deu-x-bible-zuercher.txt	23	den	47
deu-x-bible-luther1545.txt	32	sie	48
deu-x-bible-luther1545letztehand.txt	33	sie	48
deu-x-bible-pattloch.txt	36	Sie	48
deu-x-bible-textbibel.txt	31	sie	48
deu-x-bible-zuercher.txt	37	sie	48
deu-x-bible-neue.txt	22	die	49
deu-x-bible-textbibel.txt	20	die	49
deu-x-bible-zuercher.txt	20	die	49
deu-x-bible-neue.txt	19	und	50
nor-x-bible-1930.txt	22	og	50
nor-x-bible-student.txt	23	og	50
deu-x-bible-neue.txt	29	voller	51
eng-x-bible-newsimplified.txt	31	with	51
deu-x-bible-pattloch.txt	41	geworden	52
deu-x-bible-textbibel.txt	36	geworden	52
deu-x-bible-pattloch.txt	15	den	53
deu-x-bible-zuercher.txt	14	den	53
deu-x-bible-textbibel.txt	34	und	54
nor-x-bible-student.txt	41	og	54
nor-x-bible-student.txt	34	til	55
swe-x-bible-folk1998.txt	31	till	55
deu-x-bible-luther1545.txt	19	sie	56
deu-x-bible-luther1545letztehand.txt	19	sie	56
nor-x-bible-student.txt	25	henne	56
deu-x-bible-neue.txt	12	Gewand	57
deu-x-bible-pattloch.txt	18	Gewandes	57
eng-x-bible-newsimplified.txt	13	robe	57
