afr-x-bible-1953.txt	15	fynmeel	1
dan-x-bible-1931.txt	14	fint	1
dan-x-bible-1931.txt	15	Hvedemel	1
deu-x-bible-elberfelder1871.txt	13	Feinmehl	1
deu-x-bible-elberfelder1905.txt	13	Feinmehl	1
deu-x-bible-freebible.txt	13	Feinmehl	1
deu-x-bible-gruenewalder.txt	12	Feinmehl	1
deu-x-bible-luther1545.txt	12	Semmelmehl	1
deu-x-bible-luther1545letztehand.txt	12	semelmelh	1
deu-x-bible-luther1912.txt	12	Semmelmehl	1
deu-x-bible-menge.txt	14	Feinmehl	1
deu-x-bible-neue.txt	16	Feinmehl	1
deu-x-bible-pattloch.txt	14	Mehl	1
deu-x-bible-schlachter.txt	12	Semmelmehl	1
deu-x-bible-tafelbibel.txt	22	Semmelmehl	1
deu-x-bible-textbibel.txt	16	Feinmehl	1
deu-x-bible-zuercher.txt	16	Semmelmehl	1
eng-x-bible-darby.txt	12	fine	1
eng-x-bible-darby.txt	13	flour	1
eng-x-bible-kingjames.txt	14	fine	1
eng-x-bible-kingjames.txt	15	flour	1
eng-x-bible-literal.txt	19	flour	1
eng-x-bible-newsimplified.txt	13	flour	1
nld-x-bible-statenvertaling.txt	16	meelbloem	1
nor-x-bible-1930.txt	14	fint	1
nor-x-bible-1930.txt	15	mel	1
nor-x-bible-student.txt	14	fint	1
nor-x-bible-student.txt	15	mjøl	1
swe-x-bible-folk1998.txt	11	fint	1
swe-x-bible-folk1998.txt	12	mjöl	1
afr-x-bible-1953.txt	24	bul	2
dan-x-bible-1931.txt	28	Tyr	2
deu-x-bible-elberfelder1871.txt	23	Farren	2
deu-x-bible-elberfelder1905.txt	23	Farren	2
deu-x-bible-freebible.txt	23	Farren	2
deu-x-bible-gruenewalder.txt	25	Stier	2
deu-x-bible-luther1545.txt	22	Farren	2
deu-x-bible-luther1545letztehand.txt	21	farren	2
deu-x-bible-luther1912.txt	22	Farren	2
deu-x-bible-menge.txt	26	Stier	2
deu-x-bible-neue.txt	23	Stier	2
deu-x-bible-pattloch.txt	18	Jungstier	2
deu-x-bible-schlachter.txt	22	Farren	2
deu-x-bible-tafelbibel.txt	31	Farren	2
deu-x-bible-tafelbibel.txt	35	Farren	2
deu-x-bible-tafelbibel.txt	39	Rindes	2
deu-x-bible-textbibel.txt	25	Stier	2
deu-x-bible-zuercher.txt	22	Stier	2
eng-x-bible-darby.txt	21	bullock	2
eng-x-bible-kingjames.txt	23	bullock	2
eng-x-bible-literal.txt	27	bull	2
eng-x-bible-newsimplified.txt	30	bull	2
nld-x-bible-statenvertaling.txt	25	var	2
nld-x-bible-statenvertaling.txt	29	rund	2
nor-x-bible-1930.txt	24	okse	2
nor-x-bible-student.txt	29	ukse	2
swe-x-bible-folk1998.txt	22	ungtjur	2
afr-x-bible-1953.txt	6	bul	3
dan-x-bible-1931.txt	7	Tyr	3
deu-x-bible-elberfelder1871.txt	6	Farren	3
deu-x-bible-elberfelder1905.txt	6	Farren	3
deu-x-bible-freebible.txt	6	Farren	3
deu-x-bible-gruenewalder.txt	6	Stier	3
deu-x-bible-luther1545.txt	7	Farren	3
deu-x-bible-luther1545letztehand.txt	7	farren	3
deu-x-bible-luther1912.txt	7	Farren	3
deu-x-bible-menge.txt	6	Stier	3
deu-x-bible-neue.txt	6	Stier	3
deu-x-bible-pattloch.txt	5	Jungstier	3
deu-x-bible-schlachter.txt	6	Farren	3
deu-x-bible-tafelbibel.txt	5	Farren	3
deu-x-bible-tafelbibel.txt	10	Rind	3
deu-x-bible-tafelbibel.txt	12	Farren	3
deu-x-bible-textbibel.txt	6	Stier	3
deu-x-bible-zuercher.txt	6	Stier	3
eng-x-bible-darby.txt	7	bullock	3
eng-x-bible-kingjames.txt	7	bullock	3
eng-x-bible-literal.txt	6	bull	3
eng-x-bible-newsimplified.txt	7	bull	3
nld-x-bible-statenvertaling.txt	6	var	3
nld-x-bible-statenvertaling.txt	10	rund	3
nor-x-bible-1930.txt	7	okse	3
nor-x-bible-student.txt	7	ukse	3
swe-x-bible-folk1998.txt	6	ungtjur	3
afr-x-bible-1953.txt	28	sondoffer	4
dan-x-bible-1931.txt	30	Syndoffer	4
deu-x-bible-elberfelder1871.txt	28	Sündopfer	4
deu-x-bible-elberfelder1905.txt	28	Sündopfer	4
deu-x-bible-freebible.txt	28	Sündopfer	4
deu-x-bible-gruenewalder.txt	19	Sündopfer	4
deu-x-bible-luther1545.txt	26	Sündopfer	4
deu-x-bible-luther1545letztehand.txt	24	Sündopffer	4
deu-x-bible-luther1912.txt	26	Sündopfer	4
deu-x-bible-menge.txt	30	Sündopfer	4
deu-x-bible-neue.txt	25	Sündopfer	4
deu-x-bible-pattloch.txt	20	Sündopfer	4
deu-x-bible-schlachter.txt	26	Sündopfer	4
deu-x-bible-tafelbibel.txt	44	Sündopfer	4
deu-x-bible-textbibel.txt	29	Sündopfer	4
deu-x-bible-zuercher.txt	27	Sündopfer	4
eng-x-bible-darby.txt	27	sin-offering	4
eng-x-bible-kingjames.txt	29	sin	4
eng-x-bible-kingjames.txt	30	offering	4
eng-x-bible-literal.txt	40	sin	4
eng-x-bible-literal.txt	41	offering	4
eng-x-bible-newsimplified.txt	33	offering	4
eng-x-bible-newsimplified.txt	35	sin	4
nld-x-bible-statenvertaling.txt	35	zondoffer	4
nor-x-bible-1930.txt	29	syndoffer	4
nor-x-bible-student.txt	22	syndoffer	4
swe-x-bible-folk1998.txt	24	syndoffer	4
afr-x-bible-1953.txt	4	'n	5
dan-x-bible-1931.txt	5	en	5
deu-x-bible-elberfelder1871.txt	4	einen	5
deu-x-bible-elberfelder1905.txt	4	einen	5
deu-x-bible-freebible.txt	4	einen	5
deu-x-bible-gruenewalder.txt	4	einen	5
deu-x-bible-luther1545.txt	5	einen	5
deu-x-bible-luther1545letztehand.txt	5	einen	5
deu-x-bible-luther1912.txt	5	einen	5
deu-x-bible-menge.txt	4	einen	5
deu-x-bible-neue.txt	4	einen	5
deu-x-bible-pattloch.txt	4	einen	5
deu-x-bible-schlachter.txt	4	einen	5
deu-x-bible-tafelbibel.txt	4	einen	5
deu-x-bible-tafelbibel.txt	11	einen	5
deu-x-bible-textbibel.txt	4	einen	5
deu-x-bible-zuercher.txt	4	einen	5
eng-x-bible-darby.txt	5	a	5
eng-x-bible-kingjames.txt	5	a	5
eng-x-bible-literal.txt	5	a	5
eng-x-bible-literal.txt	8	a	5
eng-x-bible-newsimplified.txt	5	a	5
nld-x-bible-statenvertaling.txt	5	een	5
nld-x-bible-statenvertaling.txt	8	een	5
nor-x-bible-1930.txt	5	en	5
nor-x-bible-student.txt	5	ein	5
swe-x-bible-folk1998.txt	5	en	5
afr-x-bible-1953.txt	21	'n	6
dan-x-bible-1931.txt	25	en	6
deu-x-bible-elberfelder1871.txt	20	einen	6
deu-x-bible-elberfelder1905.txt	20	einen	6
deu-x-bible-freebible.txt	20	einen	6
deu-x-bible-gruenewalder.txt	22	einen	6
deu-x-bible-luther1545.txt	19	einen	6
deu-x-bible-luther1545letztehand.txt	18	einen	6
deu-x-bible-luther1912.txt	19	einen	6
deu-x-bible-menge.txt	23	einen	6
deu-x-bible-neue.txt	21	einen	6
deu-x-bible-pattloch.txt	16	einen	6
deu-x-bible-schlachter.txt	19	einen	6
deu-x-bible-tafelbibel.txt	28	einen	6
deu-x-bible-tafelbibel.txt	34	einen	6
deu-x-bible-textbibel.txt	22	einen	6
deu-x-bible-zuercher.txt	19	einen	6
eng-x-bible-literal.txt	25	a	6
eng-x-bible-literal.txt	29	a	6
eng-x-bible-newsimplified.txt	27	a	6
nld-x-bible-statenvertaling.txt	23	een	6
nld-x-bible-statenvertaling.txt	27	een	6
nor-x-bible-1930.txt	21	en	6
nor-x-bible-student.txt	26	ein	6
swe-x-bible-folk1998.txt	20	en	6
afr-x-bible-1953.txt	16	met	7
deu-x-bible-elberfelder1871.txt	16	mit	7
deu-x-bible-elberfelder1905.txt	16	mit	7
deu-x-bible-freebible.txt	16	mit	7
deu-x-bible-gruenewalder.txt	13	mit	7
deu-x-bible-luther1545.txt	14	mit	7
deu-x-bible-luther1545letztehand.txt	13	mit	7
deu-x-bible-luther1912.txt	14	mit	7
deu-x-bible-menge.txt	17	mit	7
deu-x-bible-neue.txt	13	mit	7
deu-x-bible-pattloch.txt	11	mit	7
deu-x-bible-schlachter.txt	14	mit	7
deu-x-bible-tafelbibel.txt	23	mit	7
deu-x-bible-textbibel.txt	13	mit	7
deu-x-bible-zuercher.txt	13	mit	7
eng-x-bible-darby.txt	15	with	7
eng-x-bible-kingjames.txt	17	with	7
eng-x-bible-literal.txt	21	with	7
eng-x-bible-newsimplified.txt	15	with	7
eng-x-bible-newsimplified.txt	21	with	7
nld-x-bible-statenvertaling.txt	18	met	7
nor-x-bible-1930.txt	17	med	7
nor-x-bible-student.txt	17	med	7
swe-x-bible-folk1998.txt	14	med	7
afr-x-bible-1953.txt	10	spysoffer	8
dan-x-bible-1931.txt	12	Afgrødeoffer	8
deu-x-bible-elberfelder1871.txt	11	Speisopfer	8
deu-x-bible-elberfelder1905.txt	11	Speisopfer	8
deu-x-bible-freebible.txt	11	Speisopfer	8
deu-x-bible-gruenewalder.txt	10	Speiseopfer	8
deu-x-bible-luther1545.txt	10	Speisopfer	8
deu-x-bible-luther1545letztehand.txt	11	Speisopffer	8
deu-x-bible-luther1912.txt	10	Speisopfer	8
deu-x-bible-menge.txt	11	Speisopfer	8
deu-x-bible-neue.txt	11	Speisopfer	8
deu-x-bible-pattloch.txt	10	Speiseopfer	8
deu-x-bible-schlachter.txt	10	Speisopfer	8
deu-x-bible-tafelbibel.txt	20	Speiseopfer	8
deu-x-bible-textbibel.txt	11	Speisopfer	8
deu-x-bible-zuercher.txt	11	Speisopfer	8
eng-x-bible-darby.txt	10	oblation	8
eng-x-bible-kingjames.txt	10	meat	8
eng-x-bible-literal.txt	16	food	8
eng-x-bible-newsimplified.txt	10	grain	8
nld-x-bible-statenvertaling.txt	14	spijsoffer	8
nor-x-bible-1930.txt	9	matofferet	8
nor-x-bible-student.txt	9	grjonofferet	8
swe-x-bible-folk1998.txt	9	matoffer	8
afr-x-bible-1953.txt	25	moet	9
dan-x-bible-1931.txt	23	skal	9
deu-x-bible-elberfelder1871.txt	24	sollst	9
deu-x-bible-elberfelder1905.txt	24	sollst	9
deu-x-bible-freebible.txt	24	sollst	9
deu-x-bible-gruenewalder.txt	20	sollst	9
deu-x-bible-luther1545.txt	23	sollst	9
deu-x-bible-luther1545letztehand.txt	22	soltu	9
deu-x-bible-luther1912.txt	23	sollst	9
deu-x-bible-menge.txt	27	sollst	9
deu-x-bible-neue.txt	20	sollst	9
deu-x-bible-schlachter.txt	23	sollst	9
deu-x-bible-tafelbibel.txt	40	sollst	9
deu-x-bible-textbibel.txt	21	sollst	9
deu-x-bible-zuercher.txt	23	sollst	9
eng-x-bible-darby.txt	22	shalt	9
eng-x-bible-kingjames.txt	24	shalt	9
eng-x-bible-literal.txt	36	shall	9
eng-x-bible-newsimplified.txt	25	must	9
nld-x-bible-statenvertaling.txt	31	zult	9
nor-x-bible-1930.txt	25	skal	9
nor-x-bible-student.txt	23	skal	9
swe-x-bible-folk1998.txt	17	Du	9
swe-x-bible-folk1998.txt	18	skall	9
afr-x-bible-1953.txt	17	olie	10
dan-x-bible-1931.txt	19	Olie	10
deu-x-bible-elberfelder1871.txt	17	Öl	10
deu-x-bible-elberfelder1905.txt	17	Öl	10
deu-x-bible-freebible.txt	17	Öl	10
deu-x-bible-gruenewalder.txt	14	Öl	10
deu-x-bible-luther1545.txt	15	Öl	10
deu-x-bible-luther1545letztehand.txt	14	öle	10
deu-x-bible-luther1912.txt	15	Öl	10
deu-x-bible-menge.txt	18	Öl	10
deu-x-bible-neue.txt	14	Öl	10
deu-x-bible-pattloch.txt	12	Öl	10
deu-x-bible-schlachter.txt	15	Öl	10
deu-x-bible-tafelbibel.txt	24	Öl	10
deu-x-bible-textbibel.txt	14	Öl	10
deu-x-bible-zuercher.txt	14	Öl	10
eng-x-bible-darby.txt	16	oil	10
eng-x-bible-kingjames.txt	18	oil	10
eng-x-bible-literal.txt	22	oil	10
eng-x-bible-newsimplified.txt	17	oil	10
nld-x-bible-statenvertaling.txt	19	olie	10
nor-x-bible-1930.txt	18	olje	10
nor-x-bible-student.txt	18	olje	10
swe-x-bible-folk1998.txt	15	olja	10
afr-x-bible-1953.txt	1	Daarna	11
dan-x-bible-1931.txt	1	Derpå	11
deu-x-bible-elberfelder1871.txt	1	Und	11
deu-x-bible-elberfelder1905.txt	1	Und	11
deu-x-bible-freebible.txt	1	Und	11
deu-x-bible-gruenewalder.txt	1	Dann	11
deu-x-bible-luther1545.txt	1	Dann	11
deu-x-bible-luther1545letztehand.txt	1	Denn	11
deu-x-bible-luther1912.txt	1	Dann	11
deu-x-bible-menge.txt	1	Hierauf	11
deu-x-bible-neue.txt	1	Dann	11
deu-x-bible-pattloch.txt	1	Dann	11
deu-x-bible-schlachter.txt	1	Alsdann	11
deu-x-bible-tafelbibel.txt	1	Und	11
deu-x-bible-textbibel.txt	1	Sodann	11
deu-x-bible-zuercher.txt	1	Alsdann	11
eng-x-bible-darby.txt	1	And	11
eng-x-bible-kingjames.txt	1	Then	11
eng-x-bible-literal.txt	1	And	11
eng-x-bible-newsimplified.txt	1	»	11
nld-x-bible-statenvertaling.txt	1	Daarna	11
nor-x-bible-1930.txt	1	Så	11
nor-x-bible-student.txt	1	So	11
swe-x-bible-folk1998.txt	1	Sedan	11
afr-x-bible-1953.txt	2	moet	12
dan-x-bible-1931.txt	2	skal	12
deu-x-bible-elberfelder1871.txt	3	sollen	12
deu-x-bible-elberfelder1905.txt	3	sollen	12
deu-x-bible-freebible.txt	3	sollen	12
deu-x-bible-gruenewalder.txt	2	sollen	12
deu-x-bible-luther1545.txt	2	sollen	12
deu-x-bible-luther1545letztehand.txt	2	sollen	12
deu-x-bible-luther1912.txt	2	sollen	12
deu-x-bible-menge.txt	2	sollen	12
deu-x-bible-neue.txt	2	sollen	12
deu-x-bible-pattloch.txt	2	sollen	12
deu-x-bible-schlachter.txt	2	sollen	12
deu-x-bible-tafelbibel.txt	2	sollen	12
deu-x-bible-textbibel.txt	2	sollen	12
deu-x-bible-zuercher.txt	2	sollen	12
eng-x-bible-darby.txt	3	shall	12
eng-x-bible-kingjames.txt	2	let	12
eng-x-bible-literal.txt	3	shall	12
eng-x-bible-newsimplified.txt	3	must	12
nld-x-bible-statenvertaling.txt	2	zullen	12
nor-x-bible-1930.txt	2	skal	12
nor-x-bible-student.txt	2	skal	12
swe-x-bible-folk1998.txt	2	skall	12
afr-x-bible-1953.txt	7	neem	13
dan-x-bible-1931.txt	4	tage	13
deu-x-bible-elberfelder1871.txt	7	nehmen	13
deu-x-bible-elberfelder1905.txt	7	nehmen	13
deu-x-bible-freebible.txt	7	nehmen	13
deu-x-bible-gruenewalder.txt	7	nehmen	13
deu-x-bible-luther1545.txt	4	nehmen	13
deu-x-bible-luther1545letztehand.txt	4	nemen	13
deu-x-bible-luther1912.txt	4	nehmen	13
deu-x-bible-menge.txt	7	nehmen	13
deu-x-bible-neue.txt	7	nehmen	13
deu-x-bible-pattloch.txt	6	nehmen	13
deu-x-bible-schlachter.txt	7	nehmen	13
deu-x-bible-tafelbibel.txt	3	nehmen	13
deu-x-bible-textbibel.txt	7	nehmen	13
deu-x-bible-zuercher.txt	7	nehmen	13
eng-x-bible-darby.txt	4	take	13
eng-x-bible-kingjames.txt	4	take	13
eng-x-bible-literal.txt	4	take	13
eng-x-bible-newsimplified.txt	4	take	13
nld-x-bible-statenvertaling.txt	4	nemen	13
nor-x-bible-1930.txt	4	ta	13
nor-x-bible-student.txt	4	taka	13
swe-x-bible-folk1998.txt	4	ta	13
afr-x-bible-1953.txt	22	ander	14
dan-x-bible-1931.txt	26	anden	14
deu-x-bible-elberfelder1871.txt	21	anderen	14
deu-x-bible-elberfelder1905.txt	21	anderen	14
deu-x-bible-freebible.txt	21	anderen	14
deu-x-bible-gruenewalder.txt	23	zweiten	14
deu-x-bible-luther1545.txt	20	anderen	14
deu-x-bible-luther1545letztehand.txt	19	andern	14
deu-x-bible-luther1912.txt	20	andern	14
deu-x-bible-menge.txt	24	zweiten	14
deu-x-bible-pattloch.txt	17	zweiten	14
deu-x-bible-schlachter.txt	20	anderen	14
deu-x-bible-tafelbibel.txt	29	zweiten	14
deu-x-bible-textbibel.txt	23	zweiten	14
deu-x-bible-zuercher.txt	20	zweiten	14
eng-x-bible-darby.txt	19	another	14
eng-x-bible-kingjames.txt	21	another	14
eng-x-bible-literal.txt	26	second	14
eng-x-bible-newsimplified.txt	28	second	14
nld-x-bible-statenvertaling.txt	24	anderen	14
nor-x-bible-1930.txt	22	annen	14
nor-x-bible-student.txt	27	annan	14
swe-x-bible-folk1998.txt	21	annan	14
afr-x-bible-1953.txt	29	neem	15
dan-x-bible-1931.txt	24	tage	15
deu-x-bible-elberfelder1871.txt	26	nehmen	15
deu-x-bible-elberfelder1905.txt	26	nehmen	15
deu-x-bible-freebible.txt	26	nehmen	15
deu-x-bible-gruenewalder.txt	26	nehmen	15
deu-x-bible-luther1545.txt	27	nehmen	15
deu-x-bible-luther1545letztehand.txt	25	nemen	15
deu-x-bible-luther1912.txt	27	nehmen	15
deu-x-bible-menge.txt	31	nehmen	15
deu-x-bible-neue.txt	26	nehmen	15
deu-x-bible-schlachter.txt	27	nehmen	15
deu-x-bible-tafelbibel.txt	42	nehmen	15
deu-x-bible-textbibel.txt	26	nehmen	15
deu-x-bible-zuercher.txt	28	nehmen	15
eng-x-bible-darby.txt	24	take	15
eng-x-bible-kingjames.txt	26	take	15
eng-x-bible-literal.txt	37	take	15
eng-x-bible-newsimplified.txt	26	take	15
nld-x-bible-statenvertaling.txt	33	nemen	15
nor-x-bible-1930.txt	27	ta	15
nor-x-bible-student.txt	25	taka	15
swe-x-bible-folk1998.txt	19	ta	15
afr-x-bible-1953.txt	30	.	16
dan-x-bible-1931.txt	31	.	16
deu-x-bible-elberfelder1871.txt	29	.	16
deu-x-bible-elberfelder1905.txt	29	.	16
deu-x-bible-freebible.txt	29	.	16
deu-x-bible-gruenewalder.txt	27	.	16
deu-x-bible-luther1545letztehand.txt	26	.	16
deu-x-bible-luther1912.txt	28	.	16
deu-x-bible-menge.txt	32	.	16
deu-x-bible-neue.txt	27	.	16
deu-x-bible-pattloch.txt	21	.	16
deu-x-bible-schlachter.txt	28	.	16
deu-x-bible-tafelbibel.txt	45	.	16
deu-x-bible-textbibel.txt	30	.	16
deu-x-bible-zuercher.txt	29	.	16
eng-x-bible-darby.txt	28	.	16
eng-x-bible-kingjames.txt	31	.	16
eng-x-bible-literal.txt	42	.	16
eng-x-bible-newsimplified.txt	36	.	16
nld-x-bible-statenvertaling.txt	36	.	16
nor-x-bible-1930.txt	30	.	16
nor-x-bible-student.txt	30	.	16
swe-x-bible-folk1998.txt	25	.	16
afr-x-bible-1953.txt	3	hulle	17
dan-x-bible-1931.txt	3	de	17
deu-x-bible-elberfelder1871.txt	2	sie	17
deu-x-bible-elberfelder1905.txt	2	sie	17
deu-x-bible-freebible.txt	2	sie	17
deu-x-bible-gruenewalder.txt	3	sie	17
deu-x-bible-luther1545.txt	3	sie	17
deu-x-bible-luther1545letztehand.txt	3	sie	17
deu-x-bible-luther1912.txt	3	sie	17
deu-x-bible-menge.txt	3	sie	17
deu-x-bible-neue.txt	3	sie	17
deu-x-bible-pattloch.txt	3	sie	17
deu-x-bible-schlachter.txt	3	sie	17
deu-x-bible-textbibel.txt	3	sie	17
deu-x-bible-zuercher.txt	3	sie	17
eng-x-bible-darby.txt	2	they	17
eng-x-bible-kingjames.txt	3	them	17
eng-x-bible-literal.txt	2	they	17
eng-x-bible-newsimplified.txt	2	They	17
nld-x-bible-statenvertaling.txt	3	zij	17
nor-x-bible-1930.txt	3	de	17
nor-x-bible-student.txt	3	dei	17
swe-x-bible-folk1998.txt	3	de	17
afr-x-bible-1953.txt	5	jong	18
dan-x-bible-1931.txt	6	ung	18
deu-x-bible-elberfelder1871.txt	5	jungen	18
deu-x-bible-elberfelder1905.txt	5	jungen	18
deu-x-bible-freebible.txt	5	jungen	18
deu-x-bible-gruenewalder.txt	5	jungen	18
deu-x-bible-luther1545.txt	6	jungen	18
deu-x-bible-luther1545letztehand.txt	6	jungen	18
deu-x-bible-luther1912.txt	6	jungen	18
deu-x-bible-menge.txt	5	jungen	18
deu-x-bible-neue.txt	5	jungen	18
deu-x-bible-schlachter.txt	5	jungen	18
deu-x-bible-tafelbibel.txt	8	Junge	18
deu-x-bible-tafelbibel.txt	16	Rindes	18
deu-x-bible-textbibel.txt	5	jungen	18
deu-x-bible-zuercher.txt	5	jungen	18
eng-x-bible-darby.txt	6	young	18
eng-x-bible-kingjames.txt	6	young	18
eng-x-bible-literal.txt	12	herd	18
eng-x-bible-newsimplified.txt	6	young	18
nld-x-bible-statenvertaling.txt	9	jong	18
nor-x-bible-1930.txt	6	ung	18
nor-x-bible-student.txt	6	ung	18
afr-x-bible-1953.txt	23	jong	19
dan-x-bible-1931.txt	27	ung	19
deu-x-bible-elberfelder1871.txt	22	jungen	19
deu-x-bible-elberfelder1905.txt	22	jungen	19
deu-x-bible-freebible.txt	22	jungen	19
deu-x-bible-gruenewalder.txt	24	jungen	19
deu-x-bible-luther1545.txt	21	jungen	19
deu-x-bible-luther1545letztehand.txt	20	jungen	19
deu-x-bible-luther1912.txt	21	jungen	19
deu-x-bible-menge.txt	25	jungen	19
deu-x-bible-neue.txt	22	jungen	19
deu-x-bible-schlachter.txt	21	jungen	19
deu-x-bible-tafelbibel.txt	30	jungen	19
deu-x-bible-tafelbibel.txt	33	Rind	19
deu-x-bible-textbibel.txt	24	jungen	19
deu-x-bible-zuercher.txt	21	jungen	19
eng-x-bible-darby.txt	20	young	19
eng-x-bible-kingjames.txt	22	young	19
eng-x-bible-literal.txt	33	herd	19
eng-x-bible-newsimplified.txt	29	young	19
nld-x-bible-statenvertaling.txt	28	jong	19
nor-x-bible-1930.txt	23	ung	19
nor-x-bible-student.txt	28	ung	19
afr-x-bible-1953.txt	18	gemeng	20
dan-x-bible-1931.txt	17	rørt	20
deu-x-bible-elberfelder1871.txt	15	gemengt	20
deu-x-bible-elberfelder1905.txt	15	gemengt	20
deu-x-bible-freebible.txt	15	gemengt	20
deu-x-bible-gruenewalder.txt	15	angemacht	20
deu-x-bible-luther1545.txt	16	gemenget	20
deu-x-bible-luther1545letztehand.txt	15	gemenget	20
deu-x-bible-luther1912.txt	16	gemengt	20
deu-x-bible-menge.txt	19	gemengt	20
deu-x-bible-neue.txt	15	vermengtes	20
deu-x-bible-schlachter.txt	16	gemengt	20
deu-x-bible-tafelbibel.txt	25	vermischt	20
deu-x-bible-textbibel.txt	15	angemachtes	20
eng-x-bible-darby.txt	14	mingled	20
eng-x-bible-kingjames.txt	16	mingled	20
eng-x-bible-literal.txt	20	mixed	20
eng-x-bible-newsimplified.txt	14	mixed	20
nld-x-bible-statenvertaling.txt	20	gemengd	20
nor-x-bible-1930.txt	16	blandet	20
nor-x-bible-student.txt	16	blanda	20
swe-x-bible-folk1998.txt	13	blandat	20
afr-x-bible-1953.txt	26	jy	21
dan-x-bible-1931.txt	22	du	21
deu-x-bible-elberfelder1871.txt	25	du	21
deu-x-bible-elberfelder1905.txt	25	du	21
deu-x-bible-freebible.txt	25	du	21
deu-x-bible-gruenewalder.txt	21	du	21
deu-x-bible-luther1545.txt	24	du	21
deu-x-bible-luther1912.txt	24	du	21
deu-x-bible-menge.txt	28	du	21
deu-x-bible-neue.txt	19	du	21
deu-x-bible-schlachter.txt	24	du	21
deu-x-bible-tafelbibel.txt	41	du	21
deu-x-bible-textbibel.txt	20	du	21
deu-x-bible-zuercher.txt	24	du	21
eng-x-bible-darby.txt	23	thou	21
eng-x-bible-kingjames.txt	25	thou	21
eng-x-bible-literal.txt	35	you	21
eng-x-bible-newsimplified.txt	24	You	21
nld-x-bible-statenvertaling.txt	32	gij	21
nor-x-bible-1930.txt	26	du	21
nor-x-bible-student.txt	24	du	21
afr-x-bible-1953.txt	20	en	22
dan-x-bible-1931.txt	21	og	22
deu-x-bible-elberfelder1871.txt	19	und	22
deu-x-bible-elberfelder1905.txt	19	und	22
deu-x-bible-freebible.txt	19	und	22
deu-x-bible-luther1545.txt	18	und	22
deu-x-bible-luther1912.txt	18	und	22
deu-x-bible-menge.txt	22	und	22
deu-x-bible-pattloch.txt	15	und	22
deu-x-bible-schlachter.txt	18	und	22
deu-x-bible-tafelbibel.txt	27	und	22
deu-x-bible-textbibel.txt	19	und	22
deu-x-bible-zuercher.txt	18	und	22
eng-x-bible-darby.txt	18	and	22
eng-x-bible-kingjames.txt	20	and	22
eng-x-bible-literal.txt	24	and	22
nld-x-bible-statenvertaling.txt	22	en	22
nor-x-bible-1930.txt	20	og	22
nor-x-bible-student.txt	20	og	22
afr-x-bible-1953.txt	8	en	23
deu-x-bible-elberfelder1871.txt	9	und	23
deu-x-bible-elberfelder1905.txt	9	und	23
deu-x-bible-freebible.txt	9	und	23
deu-x-bible-gruenewalder.txt	8	und	23
deu-x-bible-luther1545.txt	8	und	23
deu-x-bible-luther1545letztehand.txt	9	vnd	23
deu-x-bible-luther1912.txt	8	und	23
deu-x-bible-neue.txt	8	und	23
deu-x-bible-pattloch.txt	7	und	23
deu-x-bible-textbibel.txt	8	und	23
deu-x-bible-zuercher.txt	8	und	23
eng-x-bible-darby.txt	8	and	23
eng-x-bible-literal.txt	14	and	23
eng-x-bible-newsimplified.txt	8	and	23
nor-x-bible-1930.txt	8	og	23
nor-x-bible-student.txt	8	og	23
deu-x-bible-elberfelder1871.txt	10	sein	24
deu-x-bible-elberfelder1905.txt	10	sein	24
deu-x-bible-freebible.txt	10	sein	24
deu-x-bible-luther1545.txt	9	sein	24
deu-x-bible-luther1545letztehand.txt	10	sein	24
deu-x-bible-luther1912.txt	9	sein	24
deu-x-bible-neue.txt	10	dazugehörige	24
deu-x-bible-pattloch.txt	9	zugehöriges	24
deu-x-bible-schlachter.txt	9	seinem	24
deu-x-bible-tafelbibel.txt	19	sein	24
deu-x-bible-textbibel.txt	10	zugehörige	24
deu-x-bible-zuercher.txt	10	zugehörige	24
eng-x-bible-darby.txt	9	its	24
eng-x-bible-kingjames.txt	9	his	24
eng-x-bible-literal.txt	15	its	24
nld-x-bible-statenvertaling.txt	13	zijn	24
dan-x-bible-1931.txt	29	til	25
deu-x-bible-elberfelder1871.txt	27	zum	25
deu-x-bible-elberfelder1905.txt	27	zum	25
deu-x-bible-freebible.txt	27	zum	25
deu-x-bible-gruenewalder.txt	18	zum	25
deu-x-bible-luther1545.txt	25	zum	25
deu-x-bible-luther1545letztehand.txt	23	zum	25
deu-x-bible-luther1912.txt	25	zum	25
deu-x-bible-menge.txt	29	zum	25
deu-x-bible-neue.txt	24	zum	25
deu-x-bible-schlachter.txt	25	zum	25
deu-x-bible-tafelbibel.txt	43	zum	25
deu-x-bible-textbibel.txt	27	zu	25
nor-x-bible-1930.txt	28	til	25
nor-x-bible-student.txt	21	til	25
swe-x-bible-folk1998.txt	23	till	25
afr-x-bible-1953.txt	19	;	26
deu-x-bible-elberfelder1871.txt	18	;	26
deu-x-bible-elberfelder1905.txt	18	;	26
deu-x-bible-freebible.txt	18	;	26
deu-x-bible-luther1912.txt	17	;	26
deu-x-bible-menge.txt	21	;	26
deu-x-bible-neue.txt	17	.	26
deu-x-bible-schlachter.txt	17	;	26
deu-x-bible-textbibel.txt	17	-	26
deu-x-bible-zuercher.txt	17	;	26
eng-x-bible-darby.txt	17	;	26
eng-x-bible-newsimplified.txt	23	.	26
nld-x-bible-statenvertaling.txt	21	;	26
nor-x-bible-1930.txt	19	;	26
swe-x-bible-folk1998.txt	16	.	26
afr-x-bible-1953.txt	14	:	27
deu-x-bible-elberfelder1871.txt	12	:	27
deu-x-bible-elberfelder1905.txt	12	:	27
deu-x-bible-freebible.txt	12	:	27
deu-x-bible-neue.txt	12	:	27
nor-x-bible-student.txt	13	:	27
afr-x-bible-1953.txt	12	daarby	28
afr-x-bible-1953.txt	13	behoort	28
dan-x-bible-1931.txt	11	tilhørende	28
deu-x-bible-menge.txt	10	zugehörigen	28
nor-x-bible-1930.txt	11	hører	28
nor-x-bible-student.txt	11	høyrer	28
swe-x-bible-folk1998.txt	8	tillhörande	28
deu-x-bible-menge.txt	16	das	29
deu-x-bible-neue.txt	9	das	29
deu-x-bible-tafelbibel.txt	7	das	29
deu-x-bible-textbibel.txt	9	das	29
deu-x-bible-zuercher.txt	9	das	29
dan-x-bible-1931.txt	13	af	30
deu-x-bible-schlachter.txt	11	von	30
eng-x-bible-darby.txt	11	of	30
nld-x-bible-statenvertaling.txt	15	van	30
swe-x-bible-folk1998.txt	10	av	30
deu-x-bible-zuercher.txt	25	für	31
eng-x-bible-darby.txt	25	for	31
eng-x-bible-kingjames.txt	27	for	31
eng-x-bible-literal.txt	38	for	31
eng-x-bible-newsimplified.txt	34	for	31
dan-x-bible-1931.txt	9	Brændoffer	32
eng-x-bible-kingjames.txt	11	offering	32
eng-x-bible-literal.txt	17	offering	32
eng-x-bible-newsimplified.txt	11	offering	32
deu-x-bible-textbibel.txt	28	einem	33
deu-x-bible-zuercher.txt	26	ein	33
eng-x-bible-darby.txt	26	a	33
eng-x-bible-kingjames.txt	28	a	33
eng-x-bible-literal.txt	39	a	33
eng-x-bible-newsimplified.txt	32	an	33
dan-x-bible-1931.txt	10	med	34
eng-x-bible-kingjames.txt	8	with	34
nld-x-bible-statenvertaling.txt	12	met	34
swe-x-bible-folk1998.txt	7	med	34
afr-x-bible-1953.txt	11	wat	35
nor-x-bible-1930.txt	10	som	35
nor-x-bible-student.txt	10	som	35
deu-x-bible-menge.txt	13	nämlich	36
deu-x-bible-textbibel.txt	12	-	36
eng-x-bible-kingjames.txt	13	even	36
deu-x-bible-gruenewalder.txt	17	Und	37
deu-x-bible-luther1545letztehand.txt	17	Vnd	37
deu-x-bible-neue.txt	18	Auch	37
deu-x-bible-luther1545.txt	13	,	38
deu-x-bible-luther1912.txt	13	,	38
deu-x-bible-schlachter.txt	13	,	38
afr-x-bible-1953.txt	27	as	39
deu-x-bible-pattloch.txt	19	als	39
nor-x-bible-1930.txt	12	til	40
nor-x-bible-student.txt	12	til	40
deu-x-bible-menge.txt	20	ist	41
eng-x-bible-newsimplified.txt	19	is	41
deu-x-bible-tafelbibel.txt	37	Sohn	42
eng-x-bible-literal.txt	30	son	42
deu-x-bible-tafelbibel.txt	14	Sohn	43
eng-x-bible-literal.txt	9	son	43
deu-x-bible-tafelbibel.txt	15	des	44
eng-x-bible-newsimplified.txt	12	of	44
eng-x-bible-literal.txt	11	the	45
eng-x-bible-newsimplified.txt	9	the	45
deu-x-bible-menge.txt	8	nebst	46
deu-x-bible-schlachter.txt	8	samt	46
