afr-x-bible-1953.txt	34	:	1
afr-x-bible-1983.txt	35	:	1
afr-x-bible-1983.txt	36	“	1
afr-x-bible-lewende.txt	35	:	1
afr-x-bible-lewende.txt	36	"	1
afr-x-bible-viralmal.txt	40	:	1
afr-x-bible-viralmal.txt	41	“	1
dan-x-bible-1931.txt	28	:	1
dan-x-bible-1931.txt	29	"	1
dan-x-bible-frederik.txt	29	:	1
dan-x-bible-hverdagsdansk.txt	27	:	1
deu-x-bible-albrecht.txt	28	:	1
deu-x-bible-albrecht.txt	29	"	1
deu-x-bible-elberfelder1871.txt	31	:	1
deu-x-bible-elberfelder1905.txt	31	:	1
deu-x-bible-erben.txt	32	:	1
deu-x-bible-freebible.txt	31	:	1
deu-x-bible-genfer2011.txt	35	»	1
deu-x-bible-greber.txt	30	"	1
deu-x-bible-greber.txt	35	"	1
deu-x-bible-greber.txt	36	-	1
deu-x-bible-gruenewalder.txt	28	:	1
deu-x-bible-gruenewalder.txt	29	»	1
deu-x-bible-hoffnung.txt	30	:	1
deu-x-bible-hoffnung.txt	31	»	1
deu-x-bible-interlinear.txt	29	:	1
deu-x-bible-konkordant.txt	46	:	1
deu-x-bible-luther1545.txt	31	:	1
deu-x-bible-luther1912.txt	31	:	1
deu-x-bible-meister.txt	33	:	1
deu-x-bible-menge.txt	32	:	1
deu-x-bible-menge.txt	33	»	1
deu-x-bible-neue.txt	29	"	1
deu-x-bible-neue.txt	34	"	1
deu-x-bible-pattloch.txt	29	:	1
deu-x-bible-pattloch.txt	30	"	1
deu-x-bible-schlachter.txt	31	:	1
deu-x-bible-schlachter2000.txt	31	:	1
deu-x-bible-tafelbibel.txt	30	:	1
deu-x-bible-textbibel.txt	30	:	1
deu-x-bible-volxbibel.txt	33	:	1
deu-x-bible-volxbibel.txt	34	„	1
deu-x-bible-volxbibel.txt	35	Hey	1
deu-x-bible-zuercher.txt	35	:	1
eng-x-bible-amplified.txt	39	saying	1
eng-x-bible-clontz.txt	32	»	1
eng-x-bible-common.txt	35	"	1
eng-x-bible-contemporary.txt	33	“	1
eng-x-bible-darby.txt	35	saying	1
eng-x-bible-diaglot.txt	32	:	1
eng-x-bible-easytoread.txt	35	“	1
eng-x-bible-godsword.txt	33	“	1
eng-x-bible-goodnews.txt	33	“	1
eng-x-bible-internationalstandard.txt	30	“	1
eng-x-bible-kingjames.txt	35	saying	1
eng-x-bible-lexham.txt	34	“	1
eng-x-bible-literal.txt	31	saying	1
eng-x-bible-livingoracles.txt	33	saying	1
eng-x-bible-majority.txt	35	"	1
eng-x-bible-montgomery.txt	30	"	1
eng-x-bible-new2007.txt	31	“	1
eng-x-bible-newcentury.txt	31	“	1
eng-x-bible-newinternational.txt	27	‘	1
eng-x-bible-newliving.txt	35	“	1
eng-x-bible-newreaders.txt	29	"	1
eng-x-bible-newreaders.txt	32	"	1
eng-x-bible-newsimplified.txt	27	:	1
eng-x-bible-newsimplified.txt	28	»	1
eng-x-bible-scriptures.txt	32	“	1
eng-x-bible-treeoflife.txt	30	“	1
eng-x-bible-worldwide.txt	28	,	1
isl-x-bible-isl.txt	25	:	1
isl-x-bible-isl.txt	26	"	1
nds-x-bible-nds.txt	32	:	1
nld-x-bible-1951.txt	32	:	1
nld-x-bible-2004.txt	31	:	1
nld-x-bible-2004.txt	32	‘	1
nld-x-bible-2007.txt	30	’	1
nld-x-bible-2007.txt	34	‘	1
nld-x-bible-2007.txt	35	Maak	1
nld-x-bible-statenvertaling.txt	32	:	1
nno-x-bible-2011.txt	29	:	1
nno-x-bible-2011.txt	30	«	1
nob-x-bible-1985.txt	26	:	1
nob-x-bible-1985.txt	27	«	1
nob-x-bible-1988.txt	27	:	1
nob-x-bible-1988.txt	28	”	1
nob-x-bible-2007.txt	28	:	1
nob-x-bible-2011.txt	27	:	1
nob-x-bible-2011.txt	28	«	1
nor-x-bible-1930.txt	29	:	1
nor-x-bible-student.txt	27	:	1
nor-x-bible-student.txt	28	«	1
swe-x-bible-b2000.txt	25	»	1
swe-x-bible-folk1998.txt	27	:	1
swe-x-bible-folk1998.txt	28	"	1
swe-x-bible-nyalevande.txt	26	:	1
swe-x-bible-nyalevande.txt	27	"	1
swg-x-bible-swg.txt	31	:	1
afr-x-bible-1953.txt	38	!	2
afr-x-bible-1983.txt	40	.	2
afr-x-bible-boodskap.txt	34	.	2
afr-x-bible-lewende.txt	40	!	2
afr-x-bible-viralmal.txt	45	!	2
dan-x-bible-1931.txt	34	!	2
dan-x-bible-frederik.txt	33	!	2
dan-x-bible-hverdagsdansk.txt	31	!	2
dan-x-bible-hverdagsdansk.txt	33	!	2
deu-x-bible-albrecht.txt	33	!	2
deu-x-bible-elberfelder1871.txt	35	!	2
deu-x-bible-elberfelder1905.txt	35	!	2
deu-x-bible-erben.txt	36	.	2
deu-x-bible-freebible.txt	35	!	2
deu-x-bible-genfer2011.txt	40	!	2
deu-x-bible-genfer2011.txt	45	.	2
deu-x-bible-greber.txt	34	!	2
deu-x-bible-greber.txt	41	.	2
deu-x-bible-gruenewalder.txt	33	!	2
deu-x-bible-hoffnung.txt	35	!	2
deu-x-bible-interlinear.txt	34	!	2
deu-x-bible-konkordant.txt	51	!	2
deu-x-bible-luther1545.txt	35	!	2
deu-x-bible-luther1545letztehand.txt	37	.	2
deu-x-bible-luther1912.txt	35	!	2
deu-x-bible-meister.txt	38	!	2
deu-x-bible-menge.txt	37	!	2
deu-x-bible-neue.txt	33	!	2
deu-x-bible-neue.txt	38	.	2
deu-x-bible-pattloch.txt	34	!	2
deu-x-bible-schlachter.txt	35	!	2
deu-x-bible-schlachter2000.txt	35	!	2
deu-x-bible-tafelbibel.txt	36	!	2
deu-x-bible-textbibel.txt	34	.	2
deu-x-bible-volxbibel.txt	42	!	2
deu-x-bible-zuercher.txt	39	!	2
eng-x-bible-amplified.txt	44	!	2
eng-x-bible-clontz.txt	36	.	2
eng-x-bible-common.txt	37	!	2
eng-x-bible-common.txt	40	!	2
eng-x-bible-contemporary.txt	35	!	2
eng-x-bible-contemporary.txt	38	!	2
eng-x-bible-darby.txt	40	.	2
eng-x-bible-diaglot.txt	36	.	2
eng-x-bible-easytoread.txt	40	!	2
eng-x-bible-godsword.txt	35	!	2
eng-x-bible-godsword.txt	38	!	2
eng-x-bible-goodnews.txt	35	!	2
eng-x-bible-goodnews.txt	38	!	2
eng-x-bible-internationalstandard.txt	34	!	2
eng-x-bible-kingjames.txt	40	.	2
eng-x-bible-lexham.txt	40	!	2
eng-x-bible-literal.txt	37	!	2
eng-x-bible-livingoracles.txt	37	:	2
eng-x-bible-majority.txt	38	!	2
eng-x-bible-montgomery.txt	34	.	2
eng-x-bible-new2007.txt	35	!	2
eng-x-bible-newcentury.txt	33	!	2
eng-x-bible-newcentury.txt	36	!	2
eng-x-bible-newcentury.txt	41	.	2
eng-x-bible-newinternational.txt	32	!	2
eng-x-bible-newliving.txt	37	!	2
eng-x-bible-newliving.txt	40	!	2
eng-x-bible-newreaders.txt	31	!	2
eng-x-bible-newreaders.txt	40	!	2
eng-x-bible-newsimplified.txt	32	.	2
eng-x-bible-scriptures.txt	36	!	2
eng-x-bible-treeoflife.txt	33	!	2
eng-x-bible-treeoflife.txt	35	!	2
eng-x-bible-worldwide.txt	26	Be	2
eng-x-bible-worldwide.txt	31	.	2
eng-x-bible-worldwide.txt	34	!	2
isl-x-bible-isl.txt	30	!	2
nds-x-bible-nds.txt	36	!	2
nld-x-bible-1951.txt	36	!	2
nld-x-bible-2004.txt	37	.	2
nld-x-bible-2007.txt	37	!	2
nld-x-bible-statenvertaling.txt	36	.	2
nno-x-bible-2011.txt	36	!	2
nob-x-bible-1985.txt	33	!	2
nob-x-bible-1988.txt	34	!	2
nob-x-bible-2007.txt	34	!	2
nob-x-bible-2011.txt	34	!	2
nor-x-bible-1930.txt	35	!	2
nor-x-bible-student.txt	34	!	2
swe-x-bible-folk1998.txt	32	!	2
swe-x-bible-nyalevande.txt	33	!	2
swg-x-bible-swg.txt	35	!	2
afr-x-bible-1953.txt	43	van	3
afr-x-bible-1983.txt	46	van	3
afr-x-bible-boodskap.txt	39	toe	3
afr-x-bible-lewende.txt	45	van	3
afr-x-bible-viralmal.txt	51	van	3
dan-x-bible-1931.txt	40	af	3
dan-x-bible-frederik.txt	38	af	3
dan-x-bible-hverdagsdansk.txt	39	af	3
deu-x-bible-albrecht.txt	40	von	3
deu-x-bible-elberfelder1871.txt	41	von	3
deu-x-bible-elberfelder1905.txt	41	von	3
deu-x-bible-erben.txt	42	von	3
deu-x-bible-freebible.txt	41	von	3
deu-x-bible-greber.txt	47	von	3
deu-x-bible-gruenewalder.txt	40	von	3
deu-x-bible-hoffnung.txt	42	von	3
deu-x-bible-interlinear.txt	36	ab	3
deu-x-bible-interlinear.txt	41	von	3
deu-x-bible-konkordant.txt	58	von	3
deu-x-bible-konkordant.txt	61	ab	3
deu-x-bible-luther1545.txt	41	von	3
deu-x-bible-luther1545letztehand.txt	43	von	3
deu-x-bible-luther1912.txt	41	von	3
deu-x-bible-meister.txt	44	ab	3
deu-x-bible-meister.txt	45	von	3
deu-x-bible-menge.txt	44	von	3
deu-x-bible-menge.txt	47	ab	3
deu-x-bible-neue.txt	44	von	3
deu-x-bible-neue.txt	47	ab	3
deu-x-bible-pattloch.txt	41	von	3
deu-x-bible-schlachter.txt	41	von	3
deu-x-bible-schlachter2000.txt	41	von	3
deu-x-bible-tafelbibel.txt	43	von	3
deu-x-bible-textbibel.txt	40	von	3
deu-x-bible-zuercher.txt	45	von	3
deu-x-bible-zuercher.txt	48	ab	3
eng-x-bible-amplified.txt	49	off	3
eng-x-bible-clontz.txt	42	off	3
eng-x-bible-common.txt	45	from	3
eng-x-bible-contemporary.txt	43	off	3
eng-x-bible-darby.txt	45	off	3
eng-x-bible-diaglot.txt	39	off	3
eng-x-bible-diaglot.txt	44	from	3
eng-x-bible-easytoread.txt	45	off	3
eng-x-bible-godsword.txt	46	from	3
eng-x-bible-goodnews.txt	45	off	3
eng-x-bible-internationalstandard.txt	39	from	3
eng-x-bible-kingjames.txt	45	off	3
eng-x-bible-kingjames.txt	46	from	3
eng-x-bible-lexham.txt	46	off	3
eng-x-bible-lexham.txt	47	of	3
eng-x-bible-literal.txt	42	off	3
eng-x-bible-literal.txt	43	from	3
eng-x-bible-livingoracles.txt	42	off	3
eng-x-bible-livingoracles.txt	43	from	3
eng-x-bible-majority.txt	44	away	3
eng-x-bible-majority.txt	45	from	3
eng-x-bible-montgomery.txt	41	from	3
eng-x-bible-new2007.txt	41	off	3
eng-x-bible-newcentury.txt	46	off	3
eng-x-bible-newinternational.txt	41	off	3
eng-x-bible-newliving.txt	46	off	3
eng-x-bible-newreaders.txt	45	off	3
eng-x-bible-newsimplified.txt	38	off	3
eng-x-bible-newsimplified.txt	39	of	3
eng-x-bible-scriptures.txt	42	off	3
eng-x-bible-treeoflife.txt	41	off	3
eng-x-bible-worldwide.txt	38	off	3
isl-x-bible-isl.txt	35	af	3
nds-x-bible-nds.txt	42	vonne	3
nld-x-bible-1951.txt	41	van	3
nld-x-bible-2004.txt	43	van	3
nld-x-bible-2007.txt	45	van	3
nld-x-bible-statenvertaling.txt	41	af	3
nld-x-bible-statenvertaling.txt	42	van	3
nno-x-bible-2011.txt	43	av	3
nob-x-bible-1985.txt	38	av	3
nob-x-bible-1988.txt	41	fra	3
nob-x-bible-2007.txt	38	av	3
nob-x-bible-2011.txt	41	av	3
nor-x-bible-1930.txt	39	av	3
nor-x-bible-student.txt	39	av	3
swe-x-bible-b2000.txt	38	från	3
swe-x-bible-folk1998.txt	37	från	3
swe-x-bible-nyalevande.txt	41	från	3
swg-x-bible-swg.txt	41	vu	3
afr-x-bible-1953.txt	15	lig	4
afr-x-bible-1983.txt	13	lig	4
afr-x-bible-boodskap.txt	18	helder	4
afr-x-bible-lewende.txt	14	lig	4
afr-x-bible-viralmal.txt	14	lig	4
dan-x-bible-1931.txt	12	Lys	4
dan-x-bible-frederik.txt	12	Lys	4
dan-x-bible-hverdagsdansk.txt	8	lys	4
deu-x-bible-albrecht.txt	10	Licht	4
deu-x-bible-elberfelder1871.txt	13	Licht	4
deu-x-bible-elberfelder1905.txt	13	Licht	4
deu-x-bible-erben.txt	13	Licht	4
deu-x-bible-freebible.txt	13	Licht	4
deu-x-bible-genfer2011.txt	15	Licht	4
deu-x-bible-gruenewalder.txt	10	Licht	4
deu-x-bible-hoffnung.txt	11	Licht	4
deu-x-bible-interlinear.txt	10	Licht	4
deu-x-bible-konkordant.txt	21	Licht	4
deu-x-bible-luther1545.txt	13	Licht	4
deu-x-bible-luther1545letztehand.txt	13	Liecht	4
deu-x-bible-luther1912.txt	13	Licht	4
deu-x-bible-meister.txt	13	Licht	4
deu-x-bible-menge.txt	12	Lichtschein	4
deu-x-bible-neue.txt	12	Licht	4
deu-x-bible-pattloch.txt	12	Licht	4
deu-x-bible-schlachter.txt	13	Licht	4
deu-x-bible-schlachter2000.txt	13	Licht	4
deu-x-bible-tafelbibel.txt	12	Licht	4
deu-x-bible-textbibel.txt	10	Licht	4
deu-x-bible-volxbibel.txt	15	Licht	4
deu-x-bible-zuercher.txt	13	Licht	4
eng-x-bible-amplified.txt	17	light	4
eng-x-bible-clontz.txt	14	light	4
eng-x-bible-common.txt	10	light	4
eng-x-bible-contemporary.txt	10	light	4
eng-x-bible-darby.txt	16	light	4
eng-x-bible-diaglot.txt	13	light	4
eng-x-bible-easytoread.txt	17	light	4
eng-x-bible-etheridge.txt	11	light	4
eng-x-bible-godsword.txt	18	light	4
eng-x-bible-goodnews.txt	12	light	4
eng-x-bible-internationalstandard.txt	10	light	4
eng-x-bible-kingjames.txt	16	light	4
eng-x-bible-lexham.txt	15	light	4
eng-x-bible-literal.txt	15	light	4
eng-x-bible-livingoracles.txt	15	light	4
eng-x-bible-majority.txt	16	light	4
eng-x-bible-montgomery.txt	13	light	4
eng-x-bible-new2007.txt	11	light	4
eng-x-bible-newcentury.txt	13	light	4
eng-x-bible-newinternational.txt	10	light	4
eng-x-bible-newliving.txt	7	light	4
eng-x-bible-newreaders.txt	10	light	4
eng-x-bible-newsimplified.txt	9	light	4
eng-x-bible-scriptures.txt	13	light	4
eng-x-bible-treeoflife.txt	11	light	4
eng-x-bible-worldwide.txt	11	light	4
isl-x-bible-isl.txt	10	ljós	4
nds-x-bible-nds.txt	13	Lijcht	4
nld-x-bible-1951.txt	14	licht	4
nld-x-bible-2004.txt	13	licht	4
nld-x-bible-2007.txt	5	licht	4
nld-x-bible-statenvertaling.txt	13	licht	4
nno-x-bible-2011.txt	15	lys	4
nob-x-bible-1985.txt	11	lys	4
nob-x-bible-1988.txt	7	lys	4
nob-x-bible-2007.txt	12	lys	4
nob-x-bible-2011.txt	12	lys	4
nor-x-bible-1930.txt	12	lys	4
nor-x-bible-student.txt	11	ljos	4
swe-x-bible-b2000.txt	12	ljussken	4
swe-x-bible-nyalevande.txt	6	ljus	4
swg-x-bible-swg.txt	12	Lecht	4
afr-x-bible-1953.txt	24	Petrus	5
afr-x-bible-1983.txt	23	Petrus	5
afr-x-bible-boodskap.txt	21	Petrus	5
afr-x-bible-lewende.txt	25	Petrus	5
afr-x-bible-viralmal.txt	25	Petrus	5
afr-x-bible-viralmal.txt	33	Petrus	5
dan-x-bible-1931.txt	20	Peter	5
dan-x-bible-frederik.txt	20	Peter	5
dan-x-bible-hverdagsdansk.txt	15	Peters	5
deu-x-bible-albrecht.txt	22	Petrus	5
deu-x-bible-elberfelder1871.txt	22	Petrus	5
deu-x-bible-elberfelder1905.txt	22	Petrus	5
deu-x-bible-erben.txt	22	Petrus	5
deu-x-bible-freebible.txt	22	Petrus	5
deu-x-bible-genfer2011.txt	23	Petrus	5
deu-x-bible-greber.txt	21	Petrus	5
deu-x-bible-gruenewalder.txt	19	Petrus	5
deu-x-bible-hoffnung.txt	19	Petrus	5
deu-x-bible-interlinear.txt	21	Petrus	5
deu-x-bible-konkordant.txt	33	Petrus	5
deu-x-bible-luther1545.txt	21	Petrus	5
deu-x-bible-luther1545letztehand.txt	21	Petrum	5
deu-x-bible-luther1912.txt	22	Petrus	5
deu-x-bible-meister.txt	26	Petrus	5
deu-x-bible-menge.txt	21	Petrus	5
deu-x-bible-neue.txt	19	Petrus	5
deu-x-bible-pattloch.txt	19	Petrus	5
deu-x-bible-schlachter.txt	22	Petrus	5
deu-x-bible-schlachter2000.txt	22	Petrus	5
deu-x-bible-tafelbibel.txt	20	Petrus	5
deu-x-bible-textbibel.txt	20	Petrus	5
deu-x-bible-volxbibel.txt	28	Petrus	5
deu-x-bible-zuercher.txt	24	Petrus	5
eng-x-bible-amplified.txt	31	Peter	5
eng-x-bible-clontz.txt	23	Peter's	5
eng-x-bible-common.txt	19	Peter	5
eng-x-bible-contemporary.txt	20	Peter	5
eng-x-bible-darby.txt	28	Peter	5
eng-x-bible-diaglot.txt	26	Peter	5
eng-x-bible-easytoread.txt	22	Peter	5
eng-x-bible-godsword.txt	10	Peter	5
eng-x-bible-godsword.txt	23	Peter’s	5
eng-x-bible-goodnews.txt	21	Peter	5
eng-x-bible-internationalstandard.txt	18	Peter	5
eng-x-bible-kingjames.txt	25	Peter	5
eng-x-bible-livingoracles.txt	22	Peter	5
eng-x-bible-majority.txt	28	Peter	5
eng-x-bible-montgomery.txt	20	Peter	5
eng-x-bible-new2007.txt	20	Peter	5
eng-x-bible-newcentury.txt	22	Peter	5
eng-x-bible-newinternational.txt	18	Peter	5
eng-x-bible-newliving.txt	20	Peter	5
eng-x-bible-newreaders.txt	20	Peter	5
eng-x-bible-newreaders.txt	25	Peter	5
eng-x-bible-newsimplified.txt	17	Peter	5
eng-x-bible-scriptures.txt	24	Kĕpha	5
eng-x-bible-treeoflife.txt	19	Peter	5
eng-x-bible-worldwide.txt	19	Peters	5
isl-x-bible-isl.txt	19	Pétri	5
nds-x-bible-nds.txt	22	Peeta	5
nld-x-bible-1951.txt	22	Petrus	5
nld-x-bible-2004.txt	22	Petrus	5
nld-x-bible-2007.txt	19	Petrus	5
nld-x-bible-2007.txt	28	Petrus	5
nld-x-bible-statenvertaling.txt	24	Petrus	5
nno-x-bible-2011.txt	21	Peter	5
nob-x-bible-1985.txt	18	Peter	5
nob-x-bible-1988.txt	19	Peter	5
nob-x-bible-2007.txt	19	Peter	5
nob-x-bible-2011.txt	19	Peter	5
nor-x-bible-1930.txt	20	Peter	5
nor-x-bible-student.txt	19	Peter	5
swe-x-bible-b2000.txt	18	Petrus	5
swe-x-bible-folk1998.txt	19	Petrus	5
swe-x-bible-nyalevande.txt	18	Petrus	5
swg-x-bible-swg.txt	22	Petrus	5
afr-x-bible-1953.txt	2	meteens	6
afr-x-bible-1983.txt	1	Meteens	6
afr-x-bible-1983.txt	3	daar	6
afr-x-bible-lewende.txt	1	Meteens	6
afr-x-bible-lewende.txt	3	daar	6
afr-x-bible-viralmal.txt	2	skielik	6
dan-x-bible-1931.txt	2	se	6
dan-x-bible-frederik.txt	2	see	6
dan-x-bible-hverdagsdansk.txt	1	Pludselig	6
deu-x-bible-albrecht.txt	1	Plötzlich	6
deu-x-bible-elberfelder1871.txt	2	siehe	6
deu-x-bible-elberfelder1905.txt	2	siehe	6
deu-x-bible-erben.txt	2	siehe	6
deu-x-bible-freebible.txt	2	siehe	6
deu-x-bible-gruenewalder.txt	1	Siehe	6
deu-x-bible-hoffnung.txt	1	Plötzlich	6
deu-x-bible-interlinear.txt	2	siehe	6
deu-x-bible-konkordant.txt	2	siehe	6
deu-x-bible-luther1545.txt	2	siehe	6
deu-x-bible-luther1545letztehand.txt	2	sihe	6
deu-x-bible-luther1912.txt	2	siehe	6
deu-x-bible-meister.txt	2	siehe	6
deu-x-bible-menge.txt	4	einemmal	6
deu-x-bible-neue.txt	1	Plötzlich	6
deu-x-bible-pattloch.txt	2	siehe	6
deu-x-bible-schlachter.txt	2	siehe	6
deu-x-bible-schlachter2000.txt	2	siehe	6
deu-x-bible-tafelbibel.txt	2	siehe	6
deu-x-bible-textbibel.txt	2	siehe	6
deu-x-bible-volxbibel.txt	1	Plötzlich	6
deu-x-bible-zuercher.txt	2	siehe	6
eng-x-bible-amplified.txt	2	suddenly	6
eng-x-bible-clontz.txt	2	behold	6
eng-x-bible-clontz.txt	9	suddenly	6
eng-x-bible-contemporary.txt	1	Suddenly	6
eng-x-bible-darby.txt	2	lo	6
eng-x-bible-diaglot.txt	2	lo	6
eng-x-bible-easytoread.txt	1	Suddenly	6
eng-x-bible-godsword.txt	1	Suddenly	6
eng-x-bible-goodnews.txt	1	Suddenly	6
eng-x-bible-internationalstandard.txt	1	Suddenly	6
eng-x-bible-kingjames.txt	3	behold	6
eng-x-bible-lexham.txt	2	behold	6
eng-x-bible-literal.txt	3	behold	6
eng-x-bible-livingoracles.txt	3	behold	6
eng-x-bible-majority.txt	2	behold	6
eng-x-bible-montgomery.txt	1	suddenly	6
eng-x-bible-newcentury.txt	1	Suddenly	6
eng-x-bible-newinternational.txt	1	Suddenly	6
eng-x-bible-newliving.txt	1	Suddenly	6
eng-x-bible-newreaders.txt	1	Suddenly	6
eng-x-bible-newsimplified.txt	1	Suddenly	6
eng-x-bible-scriptures.txt	2	see	6
eng-x-bible-treeoflife.txt	1	Suddenly	6
nds-x-bible-nds.txt	2	tjitj	6
nld-x-bible-1951.txt	2	zie	6
nld-x-bible-2004.txt	3	er	6
nld-x-bible-2004.txt	4	plotseling	6
nld-x-bible-2007.txt	1	Ineens	6
nld-x-bible-2007.txt	3	er	6
nld-x-bible-statenvertaling.txt	2	ziet	6
nno-x-bible-2011.txt	3	eitt	6
nob-x-bible-1985.txt	2	ett	6
nob-x-bible-1988.txt	4	plutselig	6
nob-x-bible-2007.txt	2	se	6
nob-x-bible-2011.txt	2	ett	6
nor-x-bible-1930.txt	2	se	6
nor-x-bible-student.txt	2	sjå	6
swe-x-bible-b2000.txt	4	plötsligt	6
swe-x-bible-folk1998.txt	2	se	6
swe-x-bible-nyalevande.txt	4	plötsligt	6
swg-x-bible-swg.txt	2	lueg	6
afr-x-bible-1953.txt	30	hom	7
afr-x-bible-1983.txt	27	hom	7
afr-x-bible-1983.txt	34	hom	7
afr-x-bible-boodskap.txt	17	hom	7
afr-x-bible-lewende.txt	31	hom	7
afr-x-bible-viralmal.txt	38	hom	7
dan-x-bible-1931.txt	25	ham	7
dan-x-bible-frederik.txt	25	ham	7
dan-x-bible-hverdagsdansk.txt	20	ham	7
deu-x-bible-albrecht.txt	25	ihn	7
deu-x-bible-elberfelder1871.txt	28	ihn	7
deu-x-bible-elberfelder1905.txt	28	ihn	7
deu-x-bible-erben.txt	28	ihn	7
deu-x-bible-freebible.txt	28	ihn	7
deu-x-bible-genfer2011.txt	31	ihn	7
deu-x-bible-greber.txt	27	ihn	7
deu-x-bible-greber.txt	40	ihm	7
deu-x-bible-gruenewalder.txt	25	ihn	7
deu-x-bible-hoffnung.txt	23	ihn	7
deu-x-bible-hoffnung.txt	29	ihm	7
deu-x-bible-interlinear.txt	26	ihn	7
deu-x-bible-konkordant.txt	41	ihn	7
deu-x-bible-luther1545.txt	27	ihn	7
deu-x-bible-luther1545letztehand.txt	28	jn	7
deu-x-bible-luther1912.txt	28	ihn	7
deu-x-bible-meister.txt	29	ihn	7
deu-x-bible-menge.txt	31	ihm	7
deu-x-bible-neue.txt	25	ihn	7
deu-x-bible-pattloch.txt	25	ihn	7
deu-x-bible-tafelbibel.txt	26	ihn	7
deu-x-bible-textbibel.txt	26	ihn	7
deu-x-bible-volxbibel.txt	19	hätte	7
deu-x-bible-volxbibel.txt	32	ihm	7
deu-x-bible-zuercher.txt	32	ihn	7
eng-x-bible-amplified.txt	37	him	7
eng-x-bible-clontz.txt	27	him	7
eng-x-bible-common.txt	25	him	7
eng-x-bible-common.txt	30	him	7
eng-x-bible-contemporary.txt	26	him	7
eng-x-bible-darby.txt	32	him	7
eng-x-bible-diaglot.txt	29	him	7
eng-x-bible-easytoread.txt	28	him	7
eng-x-bible-etheridge.txt	8	him	7
eng-x-bible-godsword.txt	27	him	7
eng-x-bible-goodnews.txt	27	him	7
eng-x-bible-internationalstandard.txt	24	him	7
eng-x-bible-kingjames.txt	32	him	7
eng-x-bible-lexham.txt	29	him	7
eng-x-bible-literal.txt	28	him	7
eng-x-bible-livingoracles.txt	31	him	7
eng-x-bible-majority.txt	32	him	7
eng-x-bible-montgomery.txt	27	him	7
eng-x-bible-new2007.txt	26	him	7
eng-x-bible-newcentury.txt	28	him	7
eng-x-bible-newinternational.txt	24	him	7
eng-x-bible-newliving.txt	25	him	7
eng-x-bible-newliving.txt	31	him	7
eng-x-bible-newsimplified.txt	24	him	7
eng-x-bible-scriptures.txt	27	him	7
eng-x-bible-treeoflife.txt	25	him	7
eng-x-bible-worldwide.txt	23	him	7
isl-x-bible-isl.txt	22	hann	7
nds-x-bible-nds.txt	28	am	7
nld-x-bible-1951.txt	27	hem	7
nld-x-bible-2004.txt	25	hem	7
nld-x-bible-statenvertaling.txt	28	hem	7
nno-x-bible-2011.txt	26	han	7
nob-x-bible-1988.txt	24	ham	7
nob-x-bible-2007.txt	24	ham	7
nor-x-bible-1930.txt	25	ham	7
nor-x-bible-student.txt	24	honom	7
swe-x-bible-folk1998.txt	24	honom	7
swe-x-bible-nyalevande.txt	23	honom	7
swg-x-bible-swg.txt	28	nen	7
afr-x-bible-1953.txt	6	engel	8
afr-x-bible-1983.txt	5	engel	8
afr-x-bible-boodskap.txt	4	engel	8
afr-x-bible-lewende.txt	5	engel	8
afr-x-bible-viralmal.txt	5	engel	8
dan-x-bible-1931.txt	6	Engel	8
dan-x-bible-frederik.txt	5	Engel	8
dan-x-bible-hverdagsdansk.txt	12	engel	8
deu-x-bible-albrecht.txt	4	Engel	8
deu-x-bible-elberfelder1871.txt	5	Engel	8
deu-x-bible-elberfelder1905.txt	5	Engel	8
deu-x-bible-erben.txt	5	Engel	8
deu-x-bible-freebible.txt	5	Engel	8
deu-x-bible-genfer2011.txt	6	Engel	8
deu-x-bible-greber.txt	4	Engel	8
deu-x-bible-gruenewalder.txt	6	Engel	8
deu-x-bible-hoffnung.txt	4	Engel	8
deu-x-bible-interlinear.txt	4	Engel	8
deu-x-bible-konkordant.txt	7	Bote	8
deu-x-bible-luther1545.txt	5	Engel	8
deu-x-bible-luther1545letztehand.txt	5	Engel	8
deu-x-bible-luther1912.txt	5	Engel	8
deu-x-bible-meister.txt	5	Engel	8
deu-x-bible-menge.txt	6	Engel	8
deu-x-bible-neue.txt	4	Engel	8
deu-x-bible-pattloch.txt	5	Engel	8
deu-x-bible-schlachter.txt	5	Engel	8
deu-x-bible-schlachter2000.txt	5	Engel	8
deu-x-bible-tafelbibel.txt	5	Engel	8
deu-x-bible-textbibel.txt	4	Engel	8
deu-x-bible-volxbibel.txt	4	Engel	8
deu-x-bible-zuercher.txt	5	Engel	8
eng-x-bible-amplified.txt	4	angel	8
eng-x-bible-clontz.txt	5	angel	8
eng-x-bible-common.txt	3	angel	8
eng-x-bible-contemporary.txt	3	angel	8
eng-x-bible-darby.txt	5	angel	8
eng-x-bible-diaglot.txt	5	messenger	8
eng-x-bible-easytoread.txt	3	angel	8
eng-x-bible-etheridge.txt	2	angel	8
eng-x-bible-godsword.txt	4	angel	8
eng-x-bible-goodnews.txt	3	angel	8
eng-x-bible-internationalstandard.txt	3	angel	8
eng-x-bible-kingjames.txt	6	angel	8
eng-x-bible-lexham.txt	5	angel	8
eng-x-bible-literal.txt	6	angel	8
eng-x-bible-livingoracles.txt	6	messenger	8
eng-x-bible-majority.txt	5	angel	8
eng-x-bible-montgomery.txt	3	angel	8
eng-x-bible-new2007.txt	3	angel	8
eng-x-bible-newcentury.txt	4	angel	8
eng-x-bible-newinternational.txt	3	angel	8
eng-x-bible-newliving.txt	14	angel	8
eng-x-bible-newreaders.txt	3	angel	8
eng-x-bible-newsimplified.txt	3	angel	8
eng-x-bible-scriptures.txt	5	messenger	8
eng-x-bible-treeoflife.txt	3	angel	8
eng-x-bible-worldwide.txt	2	angel	8
isl-x-bible-isl.txt	5	engill	8
nds-x-bible-nds.txt	5	Enjel	8
nld-x-bible-1951.txt	5	engel	8
nld-x-bible-2004.txt	6	engel	8
nld-x-bible-2007.txt	13	engel	8
nld-x-bible-statenvertaling.txt	5	engel	8
nno-x-bible-2011.txt	6	engel	8
nob-x-bible-1985.txt	6	engel	8
nob-x-bible-1988.txt	11	engel	8
nob-x-bible-2007.txt	6	engel	8
nob-x-bible-2011.txt	5	engel	8
nor-x-bible-1930.txt	6	engel	8
nor-x-bible-student.txt	5	engel	8
swe-x-bible-b2000.txt	6	ängel	8
swe-x-bible-folk1998.txt	6	ängel	8
swe-x-bible-nyalevande.txt	10	ängel	8
swg-x-bible-swg.txt	5	Engel	8
afr-x-bible-1953.txt	35	Staan	9
afr-x-bible-1983.txt	37	Staan	9
afr-x-bible-lewende.txt	37	Staan	9
afr-x-bible-viralmal.txt	42	Staan	9
dan-x-bible-1931.txt	30	Stå	9
dan-x-bible-frederik.txt	30	staa	9
dan-x-bible-hverdagsdansk.txt	28	Rejs	9
deu-x-bible-albrecht.txt	30	Steh	9
deu-x-bible-elberfelder1871.txt	32	Stehe	9
deu-x-bible-elberfelder1905.txt	32	Stehe	9
deu-x-bible-erben.txt	33	Stehe	9
deu-x-bible-freebible.txt	32	Stehe	9
deu-x-bible-greber.txt	31	Stehe	9
deu-x-bible-hoffnung.txt	32	Steh	9
deu-x-bible-interlinear.txt	30	Steh	9
deu-x-bible-luther1545.txt	32	Stehe	9
deu-x-bible-luther1545letztehand.txt	34	Stehe	9
deu-x-bible-luther1912.txt	32	Stehe	9
deu-x-bible-meister.txt	34	Stehe	9
deu-x-bible-menge.txt	34	Stehe	9
deu-x-bible-neue.txt	30	Steh	9
deu-x-bible-pattloch.txt	31	Steh	9
deu-x-bible-schlachter.txt	32	Steh	9
deu-x-bible-schlachter2000.txt	32	Steh	9
deu-x-bible-tafelbibel.txt	31	Mache	9
deu-x-bible-textbibel.txt	31	stehe	9
deu-x-bible-zuercher.txt	36	Steh	9
eng-x-bible-amplified.txt	41	Get	9
eng-x-bible-clontz.txt	33	Get	9
eng-x-bible-common.txt	38	Get	9
eng-x-bible-contemporary.txt	36	Get	9
eng-x-bible-darby.txt	37	Rise	9
eng-x-bible-diaglot.txt	33	Arise	9
eng-x-bible-easytoread.txt	38	get	9
eng-x-bible-godsword.txt	36	Get	9
eng-x-bible-goodnews.txt	36	Get	9
eng-x-bible-internationalstandard.txt	31	Get	9
eng-x-bible-kingjames.txt	37	Arise	9
eng-x-bible-lexham.txt	35	Get	9
eng-x-bible-literal.txt	33	Rise	9
eng-x-bible-livingoracles.txt	35	Arise	9
eng-x-bible-majority.txt	36	Arise	9
eng-x-bible-montgomery.txt	31	Rise	9
eng-x-bible-new2007.txt	32	Get	9
eng-x-bible-newcentury.txt	34	Get	9
eng-x-bible-newinternational.txt	30	get	9
eng-x-bible-newliving.txt	38	Get	9
eng-x-bible-newreaders.txt	38	Get	9
eng-x-bible-newsimplified.txt	29	Get	9
eng-x-bible-scriptures.txt	33	Get	9
eng-x-bible-treeoflife.txt	31	Get	9
eng-x-bible-worldwide.txt	32	Get	9
isl-x-bible-isl.txt	27	Rís	9
nds-x-bible-nds.txt	33	Stoh	9
nld-x-bible-1951.txt	33	Sta	9
nld-x-bible-2007.txt	25	Sta	9
nld-x-bible-statenvertaling.txt	33	Sta	9
nno-x-bible-2011.txt	32	deg	9
nob-x-bible-1985.txt	29	deg	9
nob-x-bible-1988.txt	29	Reis	9
nob-x-bible-2011.txt	30	deg	9
nor-x-bible-1930.txt	33	stå	9
swe-x-bible-nyalevande.txt	28	Res	9
swg-x-bible-swg.txt	32	Schtand	9
afr-x-bible-1953.txt	39	En	10
afr-x-bible-1983.txt	42	Onmiddellik	10
afr-x-bible-boodskap.txt	32	het	10
afr-x-bible-boodskap.txt	35	Die	10
afr-x-bible-lewende.txt	42	Die	10
afr-x-bible-viralmal.txt	47	Die	10
deu-x-bible-albrecht.txt	35	Sofort	10
deu-x-bible-elberfelder1871.txt	36	Und	10
deu-x-bible-elberfelder1905.txt	36	Und	10
deu-x-bible-erben.txt	37	Und	10
deu-x-bible-freebible.txt	36	Und	10
deu-x-bible-genfer2011.txt	46	Im	10
deu-x-bible-genfer2011.txt	47	selben	10
deu-x-bible-greber.txt	42	Sofort	10
deu-x-bible-gruenewalder.txt	35	Da	10
deu-x-bible-hoffnung.txt	37	Sofort	10
deu-x-bible-interlinear.txt	35	Und	10
deu-x-bible-konkordant.txt	53	Und	10
deu-x-bible-luther1545.txt	36	Und	10
deu-x-bible-luther1545letztehand.txt	38	Vnd	10
deu-x-bible-luther1912.txt	36	Und	10
deu-x-bible-menge.txt	39	Zugleich	10
deu-x-bible-neue.txt	39	Sofort	10
deu-x-bible-pattloch.txt	36	Da	10
deu-x-bible-schlachter.txt	36	Und	10
deu-x-bible-schlachter2000.txt	36	Und	10
deu-x-bible-textbibel.txt	35	Und	10
deu-x-bible-volxbibel.txt	44	In	10
deu-x-bible-zuercher.txt	40	Und	10
eng-x-bible-amplified.txt	45	And	10
eng-x-bible-clontz.txt	38	And	10
eng-x-bible-common.txt	42	The	10
eng-x-bible-contemporary.txt	40	The	10
eng-x-bible-darby.txt	41	And	10
eng-x-bible-diaglot.txt	37	And	10
eng-x-bible-easytoread.txt	42	The	10
eng-x-bible-godsword.txt	40	At	10
eng-x-bible-goodnews.txt	40	At	10
eng-x-bible-internationalstandard.txt	36	His	10
eng-x-bible-kingjames.txt	41	And	10
eng-x-bible-lexham.txt	42	And	10
eng-x-bible-literal.txt	38	And	10
eng-x-bible-majority.txt	40	And	10
eng-x-bible-montgomery.txt	36	At	10
eng-x-bible-new2007.txt	37	And	10
eng-x-bible-newcentury.txt	42	And	10
eng-x-bible-newliving.txt	42	And	10
eng-x-bible-newreaders.txt	42	The	10
eng-x-bible-newsimplified.txt	34	And	10
eng-x-bible-scriptures.txt	38	And	10
eng-x-bible-treeoflife.txt	37	And	10
isl-x-bible-isl.txt	32	Og	10
nds-x-bible-nds.txt	37	En	10
nld-x-bible-1951.txt	37	En	10
nld-x-bible-2004.txt	39	Meteen	10
nld-x-bible-2007.txt	39	Op	10
nld-x-bible-statenvertaling.txt	37	En	10
nno-x-bible-2011.txt	38	Med	10
nob-x-bible-1985.txt	35	Da	10
nob-x-bible-1988.txt	36	I	10
nob-x-bible-2007.txt	35	Og	10
nob-x-bible-2011.txt	36	Med	10
nor-x-bible-1930.txt	36	Og	10
swe-x-bible-folk1998.txt	34	Då	10
swe-x-bible-nyalevande.txt	35	Och	10
swg-x-bible-swg.txt	36	Un	10
afr-x-bible-1953.txt	32	en	11
afr-x-bible-1983.txt	31	en	11
afr-x-bible-lewende.txt	29	en	11
afr-x-bible-lewende.txt	33	en	11
afr-x-bible-viralmal.txt	29	en	11
afr-x-bible-viralmal.txt	36	en	11
dan-x-bible-1931.txt	23	og	11
dan-x-bible-1931.txt	26	og	11
dan-x-bible-frederik.txt	23	og	11
dan-x-bible-frederik.txt	27	og	11
dan-x-bible-hverdagsdansk.txt	25	og	11
deu-x-bible-albrecht.txt	26	und	11
deu-x-bible-elberfelder1871.txt	29	und	11
deu-x-bible-elberfelder1905.txt	29	und	11
deu-x-bible-erben.txt	30	und	11
deu-x-bible-freebible.txt	29	und	11
deu-x-bible-greber.txt	25	und	11
deu-x-bible-gruenewalder.txt	26	und	11
deu-x-bible-hoffnung.txt	26	und	11
deu-x-bible-konkordant.txt	30	und	11
deu-x-bible-konkordant.txt	43	und	11
deu-x-bible-luther1545.txt	25	und	11
deu-x-bible-luther1545.txt	29	und	11
deu-x-bible-luther1545letztehand.txt	26	vnd	11
deu-x-bible-luther1545letztehand.txt	31	vnd	11
deu-x-bible-luther1912.txt	26	und	11
deu-x-bible-luther1912.txt	29	und	11
deu-x-bible-meister.txt	31	und	11
deu-x-bible-menge.txt	28	und	11
deu-x-bible-pattloch.txt	27	und	11
deu-x-bible-schlachter.txt	29	und	11
deu-x-bible-schlachter2000.txt	29	und	11
deu-x-bible-tafelbibel.txt	28	und	11
deu-x-bible-textbibel.txt	28	und	11
deu-x-bible-volxbibel.txt	30	und	11
deu-x-bible-zuercher.txt	33	und	11
eng-x-bible-amplified.txt	35	and	11
eng-x-bible-clontz.txt	25	and	11
eng-x-bible-common.txt	32	and	11
eng-x-bible-contemporary.txt	24	and	11
eng-x-bible-easytoread.txt	26	and	11
eng-x-bible-etheridge.txt	10	and	11
eng-x-bible-godsword.txt	30	and	11
eng-x-bible-goodnews.txt	30	and	11
eng-x-bible-internationalstandard.txt	27	and	11
eng-x-bible-kingjames.txt	30	and	11
eng-x-bible-new2007.txt	24	and	11
eng-x-bible-newcentury.txt	26	and	11
eng-x-bible-newinternational.txt	22	and	11
eng-x-bible-newliving.txt	32	and	11
eng-x-bible-newsimplified.txt	22	and	11
eng-x-bible-treeoflife.txt	23	and	11
eng-x-bible-worldwide.txt	21	and	11
isl-x-bible-isl.txt	23	og	11
nds-x-bible-nds.txt	30	en	11
nld-x-bible-1951.txt	30	en	11
nld-x-bible-2004.txt	29	en	11
nno-x-bible-2011.txt	27	og	11
nno-x-bible-2011.txt	33	og	11
nob-x-bible-1985.txt	24	og	11
nob-x-bible-1988.txt	25	og	11
nob-x-bible-2007.txt	22	og	11
nob-x-bible-2007.txt	26	og	11
nob-x-bible-2011.txt	25	og	11
nor-x-bible-1930.txt	23	og	11
nor-x-bible-1930.txt	27	og	11
nor-x-bible-student.txt	25	og	11
nor-x-bible-student.txt	31	og	11
swe-x-bible-folk1998.txt	22	och	11
swe-x-bible-folk1998.txt	25	och	11
swe-x-bible-nyalevande.txt	24	och	11
swg-x-bible-swg.txt	26	un	11
swg-x-bible-swg.txt	29	un	11
dan-x-bible-1931.txt	22	Siden	12
dan-x-bible-frederik.txt	22	Siden	12
dan-x-bible-hverdagsdansk.txt	16	side	12
dan-x-bible-hverdagsdansk.txt	24	siden	12
deu-x-bible-albrecht.txt	20	Seite	12
deu-x-bible-elberfelder1871.txt	25	Seite	12
deu-x-bible-elberfelder1905.txt	25	Seite	12
deu-x-bible-erben.txt	25	Seite	12
deu-x-bible-freebible.txt	25	Seite	12
deu-x-bible-genfer2011.txt	28	Seite	12
deu-x-bible-greber.txt	24	Seite	12
deu-x-bible-gruenewalder.txt	22	Seite	12
deu-x-bible-interlinear.txt	19	Seite	12
deu-x-bible-konkordant.txt	38	Seite	12
deu-x-bible-luther1545.txt	24	Seite	12
deu-x-bible-luther1545letztehand.txt	24	seiten	12
deu-x-bible-luther1912.txt	25	Seite	12
deu-x-bible-meister.txt	24	Seite	12
deu-x-bible-menge.txt	27	Seite	12
deu-x-bible-neue.txt	22	Seite	12
deu-x-bible-pattloch.txt	22	Seite	12
deu-x-bible-schlachter.txt	28	Seite	12
deu-x-bible-schlachter2000.txt	28	Seite	12
deu-x-bible-tafelbibel.txt	23	Seite	12
deu-x-bible-textbibel.txt	23	Seite	12
deu-x-bible-zuercher.txt	29	Seite	12
eng-x-bible-amplified.txt	34	side	12
eng-x-bible-clontz.txt	24	side	12
eng-x-bible-common.txt	22	side	12
eng-x-bible-contemporary.txt	23	side	12
eng-x-bible-darby.txt	26	side	12
eng-x-bible-diaglot.txt	23	side	12
eng-x-bible-easytoread.txt	25	side	12
eng-x-bible-etheridge.txt	7	over	12
eng-x-bible-godsword.txt	24	side	12
eng-x-bible-internationalstandard.txt	21	side	12
eng-x-bible-kingjames.txt	28	side	12
eng-x-bible-lexham.txt	25	side	12
eng-x-bible-literal.txt	24	side	12
eng-x-bible-livingoracles.txt	27	side	12
eng-x-bible-majority.txt	26	side	12
eng-x-bible-montgomery.txt	23	side	12
eng-x-bible-new2007.txt	23	side	12
eng-x-bible-newcentury.txt	25	side	12
eng-x-bible-newinternational.txt	21	side	12
eng-x-bible-newliving.txt	28	side	12
eng-x-bible-newreaders.txt	23	side	12
eng-x-bible-newsimplified.txt	20	side	12
eng-x-bible-scriptures.txt	22	side	12
eng-x-bible-treeoflife.txt	22	side	12
eng-x-bible-worldwide.txt	20	side	12
nds-x-bible-nds.txt	24	Sied	12
nld-x-bible-1951.txt	25	zijde	12
nld-x-bible-statenvertaling.txt	22	zijde	12
nno-x-bible-2011.txt	23	sida	12
nob-x-bible-1985.txt	23	siden	12
nob-x-bible-1988.txt	21	siden	12
nob-x-bible-2007.txt	21	siden	12
nob-x-bible-2011.txt	24	siden	12
nor-x-bible-1930.txt	22	siden	12
nor-x-bible-student.txt	21	sida	12
swe-x-bible-b2000.txt	23	sidan	12
swe-x-bible-folk1998.txt	21	sidan	12
swe-x-bible-nyalevande.txt	20	sidan	12
swg-x-bible-swg.txt	25	Site	12
afr-x-bible-1953.txt	9	Here	13
afr-x-bible-1983.txt	8	Here	13
afr-x-bible-boodskap.txt	7	Here	13
afr-x-bible-lewende.txt	8	Here	13
afr-x-bible-viralmal.txt	8	Here	13
dan-x-bible-1931.txt	5	Herrens	13
dan-x-bible-frederik.txt	4	Herrens	13
deu-x-bible-albrecht.txt	6	Herrn	13
deu-x-bible-elberfelder1871.txt	7	Herrn	13
deu-x-bible-elberfelder1905.txt	7	Herrn	13
deu-x-bible-erben.txt	7	Herrn	13
deu-x-bible-freebible.txt	7	Herrn	13
deu-x-bible-genfer2011.txt	8	Herrn	13
deu-x-bible-greber.txt	6	Herrn	13
deu-x-bible-gruenewalder.txt	8	Herrn	13
deu-x-bible-hoffnung.txt	6	Herrn	13
deu-x-bible-interlinear.txt	5	Herrn	13
deu-x-bible-konkordant.txt	11	Herrn	13
deu-x-bible-luther1545.txt	7	HERRN	13
deu-x-bible-luther1545letztehand.txt	7	Herrn	13
deu-x-bible-luther1912.txt	7	HERRN	13
deu-x-bible-meister.txt	7	Herrn	13
deu-x-bible-menge.txt	8	Herrn	13
deu-x-bible-neue.txt	6	Herrn	13
deu-x-bible-pattloch.txt	7	Herrn	13
deu-x-bible-schlachter.txt	7	Herrn	13
deu-x-bible-schlachter2000.txt	7	Herrn	13
deu-x-bible-tafelbibel.txt	7	Herrn	13
deu-x-bible-textbibel.txt	6	Herrn	13
deu-x-bible-zuercher.txt	7	Herrn	13
eng-x-bible-amplified.txt	7	Lord	13
eng-x-bible-clontz.txt	8	Lord	13
eng-x-bible-common.txt	6	Lord	13
eng-x-bible-contemporary.txt	6	Lord	13
eng-x-bible-darby.txt	10	Lord	13
eng-x-bible-diaglot.txt	7	Lord	13
eng-x-bible-easytoread.txt	6	Lord	13
eng-x-bible-etheridge.txt	5	Lord	13
eng-x-bible-godsword.txt	7	Lord	13
eng-x-bible-goodnews.txt	6	Lord	13
eng-x-bible-internationalstandard.txt	6	Lord	13
eng-x-bible-kingjames.txt	9	Lord	13
eng-x-bible-lexham.txt	8	Lord	13
eng-x-bible-literal.txt	9	Lord	13
eng-x-bible-livingoracles.txt	9	Lord	13
eng-x-bible-majority.txt	8	Lord	13
eng-x-bible-montgomery.txt	6	Lord	13
eng-x-bible-new2007.txt	6	Lord	13
eng-x-bible-newcentury.txt	7	Lord	13
eng-x-bible-newinternational.txt	6	Lord	13
eng-x-bible-newliving.txt	17	Lord	13
eng-x-bible-newreaders.txt	6	Lord	13
eng-x-bible-newsimplified.txt	2	God’s	13
eng-x-bible-scriptures.txt	7	יהוה	13
eng-x-bible-treeoflife.txt	6	Lord	13
eng-x-bible-worldwide.txt	5	Lord	13
isl-x-bible-isl.txt	6	Drottins	13
nds-x-bible-nds.txt	7	Harr	13
nld-x-bible-1951.txt	7	Heren	13
nld-x-bible-2004.txt	9	Heer	13
nld-x-bible-statenvertaling.txt	7	Heeren	13
nno-x-bible-2011.txt	8	Herren	13
nob-x-bible-1985.txt	5	Herrens	13
nob-x-bible-1988.txt	13	Herren	13
nob-x-bible-2007.txt	5	Herrens	13
nob-x-bible-2011.txt	7	Herren	13
nor-x-bible-1930.txt	5	Herrens	13
nor-x-bible-student.txt	4	Herrens	13
swe-x-bible-b2000.txt	8	Herren	13
swe-x-bible-folk1998.txt	5	Herrens	13
swe-x-bible-nyalevande.txt	12	Herren	13
swg-x-bible-swg.txt	7	Herrn	13
afr-x-bible-1953.txt	42	het	14
afr-x-bible-1983.txt	43	het	14
afr-x-bible-lewende.txt	44	het	14
afr-x-bible-viralmal.txt	49	het	14
dan-x-bible-1931.txt	38	faldt	14
dan-x-bible-frederik.txt	36	faldt	14
dan-x-bible-hverdagsdansk.txt	37	faldt	14
deu-x-bible-albrecht.txt	36	fielen	14
deu-x-bible-elberfelder1871.txt	39	fielen	14
deu-x-bible-elberfelder1905.txt	39	fielen	14
deu-x-bible-erben.txt	40	fielen	14
deu-x-bible-freebible.txt	39	fielen	14
deu-x-bible-genfer2011.txt	49	fielen	14
deu-x-bible-genfer2011.txt	61	Boden	14
deu-x-bible-greber.txt	43	fielen	14
deu-x-bible-gruenewalder.txt	36	fielen	14
deu-x-bible-hoffnung.txt	38	fielen	14
deu-x-bible-interlinear.txt	37	fielen	14
deu-x-bible-konkordant.txt	56	fielen	14
deu-x-bible-luther1545.txt	39	fielen	14
deu-x-bible-luther1545letztehand.txt	41	fielen	14
deu-x-bible-luther1912.txt	39	fielen	14
deu-x-bible-meister.txt	41	fielen	14
deu-x-bible-menge.txt	40	fielen	14
deu-x-bible-neue.txt	40	fielen	14
deu-x-bible-pattloch.txt	37	fielen	14
deu-x-bible-schlachter.txt	39	fielen	14
deu-x-bible-schlachter2000.txt	39	fielen	14
deu-x-bible-tafelbibel.txt	39	fielen	14
deu-x-bible-textbibel.txt	38	fielen	14
deu-x-bible-zuercher.txt	43	fielen	14
eng-x-bible-amplified.txt	48	fell	14
eng-x-bible-clontz.txt	41	fell	14
eng-x-bible-common.txt	44	fell	14
eng-x-bible-contemporary.txt	42	fell	14
eng-x-bible-darby.txt	44	fell	14
eng-x-bible-diaglot.txt	38	fell	14
eng-x-bible-easytoread.txt	44	fell	14
eng-x-bible-godsword.txt	45	fell	14
eng-x-bible-goodnews.txt	44	fell	14
eng-x-bible-internationalstandard.txt	38	fell	14
eng-x-bible-kingjames.txt	44	fell	14
eng-x-bible-lexham.txt	45	fell	14
eng-x-bible-literal.txt	41	fell	14
eng-x-bible-livingoracles.txt	41	fell	14
eng-x-bible-majority.txt	43	fell	14
eng-x-bible-new2007.txt	40	fell	14
eng-x-bible-newcentury.txt	45	fell	14
eng-x-bible-newinternational.txt	40	fell	14
eng-x-bible-newliving.txt	45	fell	14
eng-x-bible-newreaders.txt	44	fell	14
eng-x-bible-newsimplified.txt	37	fell	14
eng-x-bible-scriptures.txt	41	fell	14
eng-x-bible-treeoflife.txt	40	fell	14
eng-x-bible-worldwide.txt	37	fell	14
isl-x-bible-isl.txt	34	féllu	14
nds-x-bible-nds.txt	40	volle	14
nld-x-bible-1951.txt	40	vielen	14
nld-x-bible-2004.txt	40	vielen	14
nld-x-bible-2007.txt	42	vielen	14
nld-x-bible-statenvertaling.txt	40	vielen	14
nob-x-bible-1985.txt	36	falt	14
nob-x-bible-1988.txt	39	falt	14
nob-x-bible-2007.txt	37	falt	14
nob-x-bible-2011.txt	39	falt	14
nor-x-bible-1930.txt	38	falt	14
nor-x-bible-student.txt	38	fall	14
swe-x-bible-b2000.txt	36	föll	14
swe-x-bible-folk1998.txt	35	föll	14
swe-x-bible-nyalevande.txt	39	föll	14
swg-x-bible-swg.txt	39	flege	14
afr-x-bible-1953.txt	33	sê	15
afr-x-bible-1983.txt	32	sê	15
afr-x-bible-lewende.txt	34	sê	15
afr-x-bible-viralmal.txt	39	gesê	15
dan-x-bible-1931.txt	27	sagde	15
dan-x-bible-frederik.txt	28	sagde	15
dan-x-bible-hverdagsdansk.txt	26	sagde	15
deu-x-bible-albrecht.txt	27	sprach	15
deu-x-bible-elberfelder1871.txt	30	sagte	15
deu-x-bible-elberfelder1905.txt	30	sagte	15
deu-x-bible-erben.txt	31	sprach	15
deu-x-bible-freebible.txt	30	sagte	15
deu-x-bible-genfer2011.txt	43	sagte	15
deu-x-bible-greber.txt	37	sagte	15
deu-x-bible-gruenewalder.txt	27	sprach	15
deu-x-bible-hoffnung.txt	27	sagte	15
deu-x-bible-interlinear.txt	28	sagend	15
deu-x-bible-konkordant.txt	45	sagte	15
deu-x-bible-luther1545.txt	30	sprach	15
deu-x-bible-luther1545letztehand.txt	32	sprach	15
deu-x-bible-luther1912.txt	30	sprach	15
deu-x-bible-meister.txt	32	sprach	15
deu-x-bible-menge.txt	29	sagte	15
deu-x-bible-neue.txt	36	sagte	15
deu-x-bible-pattloch.txt	28	sprach	15
deu-x-bible-schlachter.txt	30	sprach	15
deu-x-bible-schlachter2000.txt	30	sprach	15
deu-x-bible-tafelbibel.txt	29	sprach	15
deu-x-bible-textbibel.txt	29	sprach	15
deu-x-bible-volxbibel.txt	31	sagte	15
deu-x-bible-zuercher.txt	34	sagte	15
eng-x-bible-clontz.txt	30	saying	15
eng-x-bible-common.txt	33	said	15
eng-x-bible-contemporary.txt	31	said	15
eng-x-bible-diaglot.txt	31	saying	15
eng-x-bible-easytoread.txt	33	said	15
eng-x-bible-godsword.txt	31	said	15
eng-x-bible-goodnews.txt	31	said	15
eng-x-bible-internationalstandard.txt	28	said	15
eng-x-bible-lexham.txt	32	saying	15
eng-x-bible-majority.txt	33	saying	15
eng-x-bible-montgomery.txt	28	saying	15
eng-x-bible-new2007.txt	29	saying	15
eng-x-bible-newcentury.txt	40	said	15
eng-x-bible-newinternational.txt	35	said	15
eng-x-bible-newliving.txt	33	said	15
eng-x-bible-newreaders.txt	35	said	15
eng-x-bible-newsimplified.txt	26	saying	15
eng-x-bible-scriptures.txt	30	saying	15
eng-x-bible-treeoflife.txt	28	saying	15
eng-x-bible-worldwide.txt	30	said	15
isl-x-bible-isl.txt	24	mælti	15
nds-x-bible-nds.txt	31	säd	15
nld-x-bible-1951.txt	31	zeide	15
nld-x-bible-2004.txt	30	zei	15
nld-x-bible-2007.txt	31	zei	15
nld-x-bible-statenvertaling.txt	31	zeggende	15
nno-x-bible-2011.txt	28	sa	15
nob-x-bible-1985.txt	25	sa	15
nob-x-bible-1988.txt	26	sa	15
nob-x-bible-2007.txt	27	sa	15
nob-x-bible-2011.txt	26	sa	15
nor-x-bible-1930.txt	28	sa	15
nor-x-bible-student.txt	26	sagde	15
swe-x-bible-b2000.txt	31	sade	15
swe-x-bible-folk1998.txt	26	sade	15
swe-x-bible-nyalevande.txt	25	sa	15
swg-x-bible-swg.txt	30	sait	15
afr-x-bible-1953.txt	47	.	16
afr-x-bible-1983.txt	50	.	16
afr-x-bible-boodskap.txt	42	.	16
afr-x-bible-lewende.txt	49	.	16
afr-x-bible-viralmal.txt	55	.	16
dan-x-bible-1931.txt	42	.	16
dan-x-bible-frederik.txt	40	.	16
dan-x-bible-hverdagsdansk.txt	42	.	16
deu-x-bible-albrecht.txt	43	.	16
deu-x-bible-elberfelder1871.txt	44	.	16
deu-x-bible-elberfelder1905.txt	44	.	16
deu-x-bible-erben.txt	45	.	16
deu-x-bible-freebible.txt	44	.	16
deu-x-bible-genfer2011.txt	62	.	16
deu-x-bible-greber.txt	50	.	16
deu-x-bible-gruenewalder.txt	43	.	16
deu-x-bible-hoffnung.txt	45	.	16
deu-x-bible-interlinear.txt	44	.	16
deu-x-bible-konkordant.txt	62	.	16
deu-x-bible-luther1545.txt	44	.	16
deu-x-bible-luther1545letztehand.txt	46	.	16
deu-x-bible-luther1912.txt	44	.	16
deu-x-bible-meister.txt	48	.	16
deu-x-bible-menge.txt	48	.	16
deu-x-bible-neue.txt	48	.	16
deu-x-bible-pattloch.txt	44	.	16
deu-x-bible-schlachter.txt	44	.	16
deu-x-bible-schlachter2000.txt	44	.	16
deu-x-bible-tafelbibel.txt	46	.	16
deu-x-bible-textbibel.txt	43	.	16
deu-x-bible-volxbibel.txt	51	!	16
deu-x-bible-zuercher.txt	49	.	16
eng-x-bible-amplified.txt	52	.	16
eng-x-bible-clontz.txt	45	.	16
eng-x-bible-common.txt	48	.	16
eng-x-bible-darby.txt	48	.	16
eng-x-bible-diaglot.txt	47	.	16
eng-x-bible-easytoread.txt	48	.	16
eng-x-bible-etheridge.txt	17	.	16
eng-x-bible-godsword.txt	49	.	16
eng-x-bible-goodnews.txt	48	.	16
eng-x-bible-internationalstandard.txt	42	.	16
eng-x-bible-kingjames.txt	49	.	16
eng-x-bible-lexham.txt	50	.	16
eng-x-bible-literal.txt	46	.	16
eng-x-bible-livingoracles.txt	46	.	16
eng-x-bible-majority.txt	48	.	16
eng-x-bible-montgomery.txt	44	.	16
eng-x-bible-new2007.txt	44	.	16
eng-x-bible-newcentury.txt	49	.	16
eng-x-bible-newinternational.txt	44	.	16
eng-x-bible-newliving.txt	49	.	16
eng-x-bible-newreaders.txt	48	.	16
eng-x-bible-newsimplified.txt	42	.	16
eng-x-bible-scriptures.txt	45	.	16
eng-x-bible-treeoflife.txt	44	.	16
eng-x-bible-worldwide.txt	41	.	16
isl-x-bible-isl.txt	38	.	16
nds-x-bible-nds.txt	44	.	16
nld-x-bible-1951.txt	44	.	16
nld-x-bible-2004.txt	46	.	16
nld-x-bible-2007.txt	48	.	16
nld-x-bible-statenvertaling.txt	45	.	16
nob-x-bible-1988.txt	45	.	16
nob-x-bible-2007.txt	41	.	16
nor-x-bible-1930.txt	42	.	16
nor-x-bible-student.txt	43	.	16
swe-x-bible-b2000.txt	41	.	16
swe-x-bible-nyalevande.txt	44	.	16
swg-x-bible-swg.txt	47	.	16
afr-x-bible-1953.txt	37	op	17
afr-x-bible-1983.txt	39	op	17
afr-x-bible-lewende.txt	39	op	17
afr-x-bible-viralmal.txt	44	op	17
dan-x-bible-1931.txt	31	op	17
dan-x-bible-frederik.txt	32	op	17
dan-x-bible-hverdagsdansk.txt	30	op	17
deu-x-bible-albrecht.txt	32	auf	17
deu-x-bible-elberfelder1871.txt	34	auf	17
deu-x-bible-elberfelder1905.txt	34	auf	17
deu-x-bible-erben.txt	35	auf	17
deu-x-bible-freebible.txt	34	auf	17
deu-x-bible-greber.txt	33	auf	17
deu-x-bible-gruenewalder.txt	32	auf	17
deu-x-bible-hoffnung.txt	34	auf	17
deu-x-bible-interlinear.txt	31	auf	17
deu-x-bible-konkordant.txt	50	auf	17
deu-x-bible-luther1545.txt	34	auf	17
deu-x-bible-luther1545letztehand.txt	36	auff	17
deu-x-bible-luther1912.txt	34	auf	17
deu-x-bible-meister.txt	35	auf	17
deu-x-bible-menge.txt	36	auf	17
deu-x-bible-neue.txt	32	auf	17
deu-x-bible-pattloch.txt	33	auf	17
deu-x-bible-schlachter.txt	34	auf	17
deu-x-bible-schlachter2000.txt	34	auf	17
deu-x-bible-tafelbibel.txt	33	auf	17
deu-x-bible-textbibel.txt	33	auf	17
deu-x-bible-volxbibel.txt	41	auf	17
deu-x-bible-zuercher.txt	38	auf	17
eng-x-bible-amplified.txt	42	up	17
eng-x-bible-clontz.txt	34	up	17
eng-x-bible-common.txt	39	up	17
eng-x-bible-contemporary.txt	37	up	17
eng-x-bible-darby.txt	38	up	17
eng-x-bible-easytoread.txt	39	up	17
eng-x-bible-godsword.txt	37	up	17
eng-x-bible-goodnews.txt	37	up	17
eng-x-bible-internationalstandard.txt	32	up	17
eng-x-bible-kingjames.txt	38	up	17
eng-x-bible-lexham.txt	36	up	17
eng-x-bible-literal.txt	34	up	17
eng-x-bible-montgomery.txt	32	up	17
eng-x-bible-new2007.txt	33	up	17
eng-x-bible-newcentury.txt	35	up	17
eng-x-bible-newinternational.txt	31	up	17
eng-x-bible-newliving.txt	39	up	17
eng-x-bible-newreaders.txt	39	up	17
eng-x-bible-newsimplified.txt	30	up	17
eng-x-bible-scriptures.txt	34	up	17
eng-x-bible-treeoflife.txt	32	up	17
eng-x-bible-worldwide.txt	33	up	17
isl-x-bible-isl.txt	28	upp	17
nds-x-bible-nds.txt	35	opp	17
nld-x-bible-1951.txt	35	op	17
nld-x-bible-2004.txt	35	sta	17
nld-x-bible-2004.txt	36	op	17
nld-x-bible-statenvertaling.txt	35	op	17
nno-x-bible-2011.txt	35	opp	17
nob-x-bible-1985.txt	32	opp	17
nob-x-bible-1988.txt	31	opp	17
nob-x-bible-2007.txt	33	opp	17
nob-x-bible-2011.txt	33	opp	17
nor-x-bible-1930.txt	34	op	17
nor-x-bible-student.txt	33	upp	17
swe-x-bible-b2000.txt	28	upp	17
swe-x-bible-folk1998.txt	31	upp	17
swe-x-bible-nyalevande.txt	30	upp	17
swg-x-bible-swg.txt	34	uf	17
afr-x-bible-1953.txt	13	en	18
afr-x-bible-1983.txt	9	en	18
afr-x-bible-lewende.txt	12	en	18
afr-x-bible-viralmal.txt	12	en	18
dan-x-bible-1931.txt	10	og	18
dan-x-bible-frederik.txt	10	og	18
dan-x-bible-hverdagsdansk.txt	10	og	18
deu-x-bible-albrecht.txt	8	und	18
deu-x-bible-elberfelder1871.txt	11	und	18
deu-x-bible-elberfelder1905.txt	11	und	18
deu-x-bible-erben.txt	11	und	18
deu-x-bible-freebible.txt	11	und	18
deu-x-bible-genfer2011.txt	13	und	18
deu-x-bible-greber.txt	10	und	18
deu-x-bible-hoffnung.txt	10	und	18
deu-x-bible-interlinear.txt	9	und	18
deu-x-bible-konkordant.txt	17	und	18
deu-x-bible-luther1545.txt	11	und	18
deu-x-bible-luther1545letztehand.txt	11	vnd	18
deu-x-bible-luther1912.txt	11	und	18
deu-x-bible-meister.txt	11	und	18
deu-x-bible-menge.txt	11	und	18
deu-x-bible-neue.txt	9	und	18
deu-x-bible-pattloch.txt	11	und	18
deu-x-bible-schlachter.txt	11	und	18
deu-x-bible-schlachter2000.txt	11	und	18
deu-x-bible-tafelbibel.txt	10	und	18
deu-x-bible-textbibel.txt	9	und	18
deu-x-bible-zuercher.txt	11	und	18
eng-x-bible-amplified.txt	15	and	18
eng-x-bible-clontz.txt	12	and	18
eng-x-bible-common.txt	8	and	18
eng-x-bible-contemporary.txt	9	and	18
eng-x-bible-darby.txt	14	and	18
eng-x-bible-diaglot.txt	11	and	18
eng-x-bible-easytoread.txt	11	and	18
eng-x-bible-godsword.txt	12	and	18
eng-x-bible-goodnews.txt	10	and	18
eng-x-bible-internationalstandard.txt	8	and	18
eng-x-bible-kingjames.txt	14	and	18
eng-x-bible-lexham.txt	13	and	18
eng-x-bible-literal.txt	13	and	18
eng-x-bible-livingoracles.txt	13	and	18
eng-x-bible-majority.txt	14	and	18
eng-x-bible-montgomery.txt	11	and	18
eng-x-bible-new2007.txt	9	and	18
eng-x-bible-newcentury.txt	11	and	18
eng-x-bible-newinternational.txt	8	and	18
eng-x-bible-newliving.txt	12	and	18
eng-x-bible-scriptures.txt	11	and	18
eng-x-bible-treeoflife.txt	9	and	18
eng-x-bible-worldwide.txt	9	and	18
isl-x-bible-isl.txt	9	og	18
nds-x-bible-nds.txt	12	en	18
nld-x-bible-1951.txt	11	en	18
nld-x-bible-2004.txt	10	en	18
nld-x-bible-2007.txt	16	en	18
nld-x-bible-statenvertaling.txt	11	en	18
nno-x-bible-2011.txt	11	og	18
nob-x-bible-1985.txt	9	og	18
nob-x-bible-1988.txt	9	og	18
nob-x-bible-2007.txt	10	og	18
nob-x-bible-2011.txt	10	og	18
nor-x-bible-1930.txt	10	og	18
nor-x-bible-student.txt	9	og	18
swe-x-bible-b2000.txt	10	och	18
swe-x-bible-folk1998.txt	10	och	18
swe-x-bible-nyalevande.txt	8	och	18
swg-x-bible-swg.txt	11	un	18
afr-x-bible-1953.txt	41	boeie	19
afr-x-bible-1983.txt	45	boeie	19
afr-x-bible-lewende.txt	43	boeie	19
afr-x-bible-viralmal.txt	48	kettings	19
dan-x-bible-1931.txt	37	Lænkerne	19
dan-x-bible-hverdagsdansk.txt	38	lænkerne	19
deu-x-bible-albrecht.txt	39	Ketten	19
deu-x-bible-elberfelder1871.txt	38	Ketten	19
deu-x-bible-elberfelder1905.txt	38	Ketten	19
deu-x-bible-erben.txt	39	Ketten	19
deu-x-bible-freebible.txt	38	Ketten	19
deu-x-bible-genfer2011.txt	51	Ketten	19
deu-x-bible-greber.txt	46	Ketten	19
deu-x-bible-gruenewalder.txt	39	Ketten	19
deu-x-bible-hoffnung.txt	41	Ketten	19
deu-x-bible-interlinear.txt	40	Ketten	19
deu-x-bible-konkordant.txt	55	Ketten	19
deu-x-bible-luther1545.txt	38	Ketten	19
deu-x-bible-luther1545letztehand.txt	40	Ketten	19
deu-x-bible-luther1912.txt	38	Ketten	19
deu-x-bible-meister.txt	43	Ketten	19
deu-x-bible-menge.txt	43	Ketten	19
deu-x-bible-neue.txt	43	Ketten	19
deu-x-bible-pattloch.txt	40	Ketten	19
deu-x-bible-schlachter.txt	38	Ketten	19
deu-x-bible-schlachter2000.txt	38	Ketten	19
deu-x-bible-tafelbibel.txt	41	Ketten	19
deu-x-bible-textbibel.txt	37	Fesseln	19
deu-x-bible-volxbibel.txt	49	Handschellen	19
deu-x-bible-zuercher.txt	42	Ketten	19
eng-x-bible-amplified.txt	47	chains	19
eng-x-bible-clontz.txt	40	chains	19
eng-x-bible-common.txt	43	chains	19
eng-x-bible-contemporary.txt	41	chains	19
eng-x-bible-darby.txt	43	chains	19
eng-x-bible-diaglot.txt	43	chains	19
eng-x-bible-easytoread.txt	43	chains	19
eng-x-bible-godsword.txt	44	chains	19
eng-x-bible-goodnews.txt	43	chains	19
eng-x-bible-internationalstandard.txt	37	chains	19
eng-x-bible-kingjames.txt	43	chains	19
eng-x-bible-lexham.txt	44	chains	19
eng-x-bible-literal.txt	40	chains	19
eng-x-bible-livingoracles.txt	40	chains	19
eng-x-bible-majority.txt	42	chains	19
eng-x-bible-montgomery.txt	39	chains	19
eng-x-bible-new2007.txt	39	chains	19
eng-x-bible-newcentury.txt	44	chains	19
eng-x-bible-newinternational.txt	39	chains	19
eng-x-bible-newliving.txt	44	chains	19
eng-x-bible-newreaders.txt	43	chains	19
eng-x-bible-newsimplified.txt	36	chains	19
eng-x-bible-scriptures.txt	40	chains	19
eng-x-bible-treeoflife.txt	39	chains	19
eng-x-bible-worldwide.txt	36	chains	19
nds-x-bible-nds.txt	39	Tjäde	19
nld-x-bible-1951.txt	39	ketenen	19
nld-x-bible-2007.txt	44	kettingen	19
nld-x-bible-statenvertaling.txt	39	ketenen	19
nno-x-bible-2011.txt	42	lenkjene	19
nob-x-bible-1985.txt	37	lenkene	19
nob-x-bible-1988.txt	40	lenkene	19
nob-x-bible-2007.txt	36	lenkene	19
nob-x-bible-2011.txt	40	lenkene	19
nor-x-bible-1930.txt	37	lenkene	19
nor-x-bible-student.txt	37	lekkjorne	19
swe-x-bible-folk1998.txt	36	kedjorna	19
swe-x-bible-nyalevande.txt	40	kedjorna	19
swg-x-bible-swg.txt	38	Kette	19
afr-x-bible-1953.txt	17	in	20
afr-x-bible-1983.txt	14	in	20
afr-x-bible-lewende.txt	16	in	20
afr-x-bible-viralmal.txt	16	in	20
dan-x-bible-1931.txt	14	i	20
dan-x-bible-frederik.txt	14	i	20
deu-x-bible-albrecht.txt	12	in	20
deu-x-bible-elberfelder1871.txt	15	in	20
deu-x-bible-elberfelder1905.txt	15	in	20
deu-x-bible-erben.txt	15	in	20
deu-x-bible-freebible.txt	15	in	20
deu-x-bible-genfer2011.txt	26	in	20
deu-x-bible-gruenewalder.txt	12	in	20
deu-x-bible-interlinear.txt	12	in	20
deu-x-bible-konkordant.txt	23	in	20
deu-x-bible-luther1545.txt	15	in	20
deu-x-bible-luther1545letztehand.txt	15	in	20
deu-x-bible-luther1912.txt	15	in	20
deu-x-bible-meister.txt	15	in	20
deu-x-bible-neue.txt	20	in	20
deu-x-bible-pattloch.txt	14	im	20
deu-x-bible-schlachter.txt	15	in	20
deu-x-bible-schlachter2000.txt	15	in	20
deu-x-bible-tafelbibel.txt	14	in	20
deu-x-bible-textbibel.txt	12	in	20
deu-x-bible-zuercher.txt	15	in	20
eng-x-bible-amplified.txt	19	in	20
eng-x-bible-clontz.txt	16	in	20
eng-x-bible-common.txt	12	in	20
eng-x-bible-contemporary.txt	13	in	20
eng-x-bible-darby.txt	18	in	20
eng-x-bible-diaglot.txt	15	in	20
eng-x-bible-goodnews.txt	14	in	20
eng-x-bible-internationalstandard.txt	12	in	20
eng-x-bible-kingjames.txt	18	in	20
eng-x-bible-lexham.txt	17	in	20
eng-x-bible-literal.txt	17	in	20
eng-x-bible-livingoracles.txt	17	in	20
eng-x-bible-majority.txt	18	in	20
eng-x-bible-montgomery.txt	15	in	20
eng-x-bible-new2007.txt	13	in	20
eng-x-bible-newcentury.txt	15	in	20
eng-x-bible-newinternational.txt	12	in	20
eng-x-bible-newreaders.txt	12	in	20
eng-x-bible-newsimplified.txt	11	in	20
eng-x-bible-scriptures.txt	15	in	20
eng-x-bible-treeoflife.txt	13	in	20
eng-x-bible-worldwide.txt	13	in	20
isl-x-bible-isl.txt	12	í	20
nds-x-bible-nds.txt	15	enn	20
nld-x-bible-1951.txt	15	in	20
nld-x-bible-2007.txt	20	in	20
nld-x-bible-statenvertaling.txt	15	in	20
nno-x-bible-2011.txt	16	i	20
nob-x-bible-1985.txt	13	i	20
nob-x-bible-2007.txt	14	i	20
nob-x-bible-2011.txt	14	i	20
nor-x-bible-1930.txt	14	i	20
nor-x-bible-student.txt	13	i	20
swg-x-bible-swg.txt	15	in	20
afr-x-bible-1953.txt	7	van	21
afr-x-bible-1983.txt	6	van	21
afr-x-bible-boodskap.txt	5	van	21
afr-x-bible-lewende.txt	6	van	21
afr-x-bible-viralmal.txt	6	van	21
deu-x-bible-albrecht.txt	5	des	21
deu-x-bible-elberfelder1871.txt	6	des	21
deu-x-bible-elberfelder1905.txt	6	des	21
deu-x-bible-erben.txt	6	des	21
deu-x-bible-freebible.txt	6	des	21
deu-x-bible-genfer2011.txt	7	des	21
deu-x-bible-greber.txt	5	des	21
deu-x-bible-gruenewalder.txt	7	des	21
deu-x-bible-hoffnung.txt	5	des	21
deu-x-bible-konkordant.txt	9	des	21
deu-x-bible-luther1545.txt	6	des	21
deu-x-bible-luther1545letztehand.txt	6	des	21
deu-x-bible-luther1912.txt	6	des	21
deu-x-bible-meister.txt	6	des	21
deu-x-bible-menge.txt	7	des	21
deu-x-bible-neue.txt	5	des	21
deu-x-bible-pattloch.txt	6	des	21
deu-x-bible-schlachter.txt	6	des	21
deu-x-bible-schlachter2000.txt	6	des	21
deu-x-bible-tafelbibel.txt	6	des	21
deu-x-bible-textbibel.txt	5	des	21
deu-x-bible-zuercher.txt	6	des	21
eng-x-bible-amplified.txt	5	of	21
eng-x-bible-clontz.txt	6	of	21
eng-x-bible-common.txt	4	from	21
eng-x-bible-contemporary.txt	4	from	21
eng-x-bible-darby.txt	6	of	21
eng-x-bible-diaglot.txt	6	of	21
eng-x-bible-easytoread.txt	4	of	21
eng-x-bible-etheridge.txt	3	of	21
eng-x-bible-godsword.txt	5	from	21
eng-x-bible-goodnews.txt	4	of	21
eng-x-bible-internationalstandard.txt	4	of	21
eng-x-bible-kingjames.txt	7	of	21
eng-x-bible-lexham.txt	6	of	21
eng-x-bible-literal.txt	7	of	21
eng-x-bible-livingoracles.txt	7	of	21
eng-x-bible-majority.txt	6	of	21
eng-x-bible-montgomery.txt	4	of	21
eng-x-bible-new2007.txt	4	of	21
eng-x-bible-newcentury.txt	5	of	21
eng-x-bible-newinternational.txt	4	of	21
eng-x-bible-newreaders.txt	4	of	21
eng-x-bible-scriptures.txt	6	of	21
eng-x-bible-treeoflife.txt	4	of	21
eng-x-bible-worldwide.txt	3	from	21
nds-x-bible-nds.txt	6	vom	21
nld-x-bible-1951.txt	6	des	21
nld-x-bible-2004.txt	7	van	21
nld-x-bible-statenvertaling.txt	6	des	21
nno-x-bible-2011.txt	7	frå	21
nob-x-bible-1988.txt	6	av	21
nob-x-bible-1988.txt	12	fra	21
nob-x-bible-2011.txt	6	fra	21
swe-x-bible-b2000.txt	7	från	21
swe-x-bible-nyalevande.txt	5	av	21
swe-x-bible-nyalevande.txt	11	från	21
swg-x-bible-swg.txt	6	vum	21
afr-x-bible-1953.txt	14	'n	22
afr-x-bible-1983.txt	12	'n	22
afr-x-bible-lewende.txt	13	'n	22
afr-x-bible-viralmal.txt	13	’n	22
dan-x-bible-1931.txt	11	et	22
dan-x-bible-frederik.txt	11	et	22
dan-x-bible-hverdagsdansk.txt	11	en	22
deu-x-bible-albrecht.txt	9	ein	22
deu-x-bible-elberfelder1871.txt	12	ein	22
deu-x-bible-elberfelder1905.txt	12	ein	22
deu-x-bible-erben.txt	12	ein	22
deu-x-bible-freebible.txt	12	ein	22
deu-x-bible-greber.txt	11	ein	22
deu-x-bible-konkordant.txt	19	ein	22
deu-x-bible-luther1545.txt	12	ein	22
deu-x-bible-luther1545letztehand.txt	12	ein	22
deu-x-bible-luther1912.txt	12	ein	22
deu-x-bible-meister.txt	12	ein	22
deu-x-bible-neue.txt	10	ein	22
deu-x-bible-pattloch.txt	9	ein	22
deu-x-bible-schlachter.txt	12	ein	22
deu-x-bible-schlachter2000.txt	12	ein	22
deu-x-bible-tafelbibel.txt	11	ein	22
deu-x-bible-zuercher.txt	12	ein	22
eng-x-bible-amplified.txt	16	a	22
eng-x-bible-clontz.txt	13	a	22
eng-x-bible-common.txt	9	a	22
eng-x-bible-darby.txt	15	a	22
eng-x-bible-diaglot.txt	12	a	22
eng-x-bible-goodnews.txt	11	a	22
eng-x-bible-internationalstandard.txt	9	a	22
eng-x-bible-kingjames.txt	15	a	22
eng-x-bible-lexham.txt	14	a	22
eng-x-bible-literal.txt	14	a	22
eng-x-bible-livingoracles.txt	14	a	22
eng-x-bible-majority.txt	15	a	22
eng-x-bible-montgomery.txt	12	a	22
eng-x-bible-new2007.txt	10	a	22
eng-x-bible-newcentury.txt	12	a	22
eng-x-bible-newinternational.txt	9	a	22
eng-x-bible-newliving.txt	13	an	22
eng-x-bible-newreaders.txt	9	A	22
eng-x-bible-newsimplified.txt	8	A	22
eng-x-bible-scriptures.txt	12	a	22
eng-x-bible-treeoflife.txt	10	a	22
eng-x-bible-worldwide.txt	10	a	22
nld-x-bible-2004.txt	11	een	22
nld-x-bible-2007.txt	12	een	22
nld-x-bible-statenvertaling.txt	12	een	22
nno-x-bible-2011.txt	14	eit	22
nob-x-bible-1985.txt	10	et	22
nob-x-bible-1988.txt	10	en	22
nob-x-bible-2007.txt	11	et	22
nob-x-bible-2011.txt	11	et	22
nor-x-bible-1930.txt	11	et	22
nor-x-bible-student.txt	10	eit	22
swe-x-bible-b2000.txt	11	ett	22
swe-x-bible-folk1998.txt	11	ett	22
swe-x-bible-nyalevande.txt	9	en	22
afr-x-bible-1953.txt	23	hy	23
afr-x-bible-boodskap.txt	13	Hy	23
afr-x-bible-boodskap.txt	27	hy	23
afr-x-bible-viralmal.txt	30	hy	23
dan-x-bible-1931.txt	18	han	23
dan-x-bible-frederik.txt	18	han	23
deu-x-bible-elberfelder1871.txt	20	er	23
deu-x-bible-elberfelder1905.txt	20	er	23
deu-x-bible-erben.txt	20	er	23
deu-x-bible-freebible.txt	20	er	23
deu-x-bible-genfer2011.txt	44	er	23
deu-x-bible-greber.txt	38	er	23
deu-x-bible-gruenewalder.txt	16	er	23
deu-x-bible-hoffnung.txt	22	er	23
deu-x-bible-interlinear.txt	24	er	23
deu-x-bible-konkordant.txt	31	er	23
deu-x-bible-luther1912.txt	20	er	23
deu-x-bible-meister.txt	19	Er	23
deu-x-bible-menge.txt	24	Stoß	23
deu-x-bible-neue.txt	17	Er	23
deu-x-bible-neue.txt	37	er	23
deu-x-bible-pattloch.txt	17	er	23
deu-x-bible-schlachter.txt	19	Er	23
deu-x-bible-schlachter2000.txt	19	Er	23
deu-x-bible-tafelbibel.txt	18	Er	23
deu-x-bible-textbibel.txt	16	er	23
deu-x-bible-zuercher.txt	20	Er	23
eng-x-bible-amplified.txt	23	he	23
eng-x-bible-clontz.txt	21	he	23
eng-x-bible-contemporary.txt	30	he	23
eng-x-bible-darby.txt	30	he	23
eng-x-bible-internationalstandard.txt	16	He	23
eng-x-bible-kingjames.txt	23	he	23
eng-x-bible-lexham.txt	27	he	23
eng-x-bible-literal.txt	26	he	23
eng-x-bible-livingoracles.txt	29	he	23
eng-x-bible-majority.txt	30	he	23
eng-x-bible-montgomery.txt	25	he	23
eng-x-bible-new2007.txt	18	He	23
eng-x-bible-newinternational.txt	16	He	23
eng-x-bible-newinternational.txt	34	he	23
eng-x-bible-newsimplified.txt	15	He	23
eng-x-bible-scriptures.txt	25	he	23
eng-x-bible-treeoflife.txt	17	He	23
eng-x-bible-worldwide.txt	17	He	23
eng-x-bible-worldwide.txt	29	he	23
isl-x-bible-isl.txt	16	hann	23
nds-x-bible-nds.txt	20	hee	23
nds-x-bible-nds.txt	26	hee	23
nld-x-bible-1951.txt	20	hij	23
nld-x-bible-2007.txt	17	hij	23
nld-x-bible-2007.txt	24	‘	23
nld-x-bible-2007.txt	32	hij	23
nld-x-bible-statenvertaling.txt	27	hij	23
nob-x-bible-1985.txt	16	Han	23
nob-x-bible-2007.txt	17	Han	23
nob-x-bible-2011.txt	17	Han	23
nor-x-bible-1930.txt	18	han	23
nor-x-bible-student.txt	17	han	23
swe-x-bible-b2000.txt	32	han	23
swg-x-bible-swg.txt	20	er	23
afr-x-bible-1953.txt	5	'n	24
afr-x-bible-1983.txt	4	'n	24
afr-x-bible-boodskap.txt	3	'n	24
afr-x-bible-lewende.txt	4	'n	24
afr-x-bible-viralmal.txt	4	’n	24
dan-x-bible-1931.txt	4	en	24
dan-x-bible-hverdagsdansk.txt	6	et	24
deu-x-bible-albrecht.txt	3	ein	24
deu-x-bible-elberfelder1871.txt	4	ein	24
deu-x-bible-elberfelder1905.txt	4	ein	24
deu-x-bible-erben.txt	4	ein	24
deu-x-bible-freebible.txt	4	ein	24
deu-x-bible-genfer2011.txt	2	einem	24
deu-x-bible-genfer2011.txt	5	ein	24
deu-x-bible-greber.txt	3	ein	24
deu-x-bible-gruenewalder.txt	5	ein	24
deu-x-bible-hoffnung.txt	3	ein	24
deu-x-bible-konkordant.txt	5	ein	24
deu-x-bible-meister.txt	4	ein	24
deu-x-bible-menge.txt	5	ein	24
deu-x-bible-neue.txt	3	ein	24
deu-x-bible-pattloch.txt	4	ein	24
deu-x-bible-schlachter.txt	4	ein	24
deu-x-bible-schlachter2000.txt	4	ein	24
deu-x-bible-tafelbibel.txt	4	ein	24
deu-x-bible-textbibel.txt	3	ein	24
deu-x-bible-volxbibel.txt	3	ein	24
deu-x-bible-zuercher.txt	4	ein	24
eng-x-bible-amplified.txt	3	an	24
eng-x-bible-clontz.txt	4	an	24
eng-x-bible-common.txt	2	an	24
eng-x-bible-contemporary.txt	2	an	24
eng-x-bible-darby.txt	4	an	24
eng-x-bible-diaglot.txt	4	a	24
eng-x-bible-easytoread.txt	2	an	24
eng-x-bible-godsword.txt	3	an	24
eng-x-bible-goodnews.txt	2	an	24
eng-x-bible-internationalstandard.txt	2	an	24
eng-x-bible-lexham.txt	4	an	24
eng-x-bible-literal.txt	5	An	24
eng-x-bible-livingoracles.txt	5	a	24
eng-x-bible-majority.txt	4	an	24
eng-x-bible-montgomery.txt	2	an	24
eng-x-bible-new2007.txt	2	an	24
eng-x-bible-newcentury.txt	3	an	24
eng-x-bible-newinternational.txt	2	an	24
eng-x-bible-newliving.txt	5	a	24
eng-x-bible-newreaders.txt	2	an	24
eng-x-bible-scriptures.txt	4	a	24
eng-x-bible-treeoflife.txt	2	an	24
nds-x-bible-nds.txt	4	een	24
nld-x-bible-1951.txt	4	een	24
nld-x-bible-2004.txt	5	een	24
nld-x-bible-2007.txt	4	een	24
nld-x-bible-statenvertaling.txt	4	een	24
nno-x-bible-2011.txt	5	ein	24
nob-x-bible-1985.txt	4	en	24
nob-x-bible-2007.txt	4	en	24
nob-x-bible-2011.txt	4	en	24
nor-x-bible-1930.txt	4	en	24
swe-x-bible-b2000.txt	5	en	24
swe-x-bible-folk1998.txt	4	en	24
afr-x-bible-1953.txt	45	hande	25
afr-x-bible-1983.txt	48	hande	25
afr-x-bible-viralmal.txt	54	hande	25
dan-x-bible-1931.txt	41	Hænderne	25
dan-x-bible-frederik.txt	39	Hænderne	25
dan-x-bible-hverdagsdansk.txt	41	hænder	25
deu-x-bible-albrecht.txt	42	Händen	25
deu-x-bible-elberfelder1871.txt	43	Händen	25
deu-x-bible-elberfelder1905.txt	43	Händen	25
deu-x-bible-erben.txt	44	Händen	25
deu-x-bible-freebible.txt	43	Händen	25
deu-x-bible-greber.txt	49	Händen	25
deu-x-bible-gruenewalder.txt	42	Händen	25
deu-x-bible-interlinear.txt	43	Händen	25
deu-x-bible-konkordant.txt	60	Händen	25
deu-x-bible-luther1545.txt	43	Händen	25
deu-x-bible-luther1545letztehand.txt	45	Henden	25
deu-x-bible-luther1912.txt	43	Händen	25
deu-x-bible-meister.txt	47	Händen	25
deu-x-bible-menge.txt	46	Armen	25
deu-x-bible-pattloch.txt	43	Händen	25
deu-x-bible-schlachter.txt	43	Händen	25
deu-x-bible-schlachter2000.txt	43	Händen	25
deu-x-bible-tafelbibel.txt	45	Händen	25
deu-x-bible-textbibel.txt	42	Händen	25
deu-x-bible-zuercher.txt	47	Händen	25
eng-x-bible-amplified.txt	51	hands	25
eng-x-bible-clontz.txt	44	hands	25
eng-x-bible-contemporary.txt	45	hands	25
eng-x-bible-darby.txt	47	hands	25
eng-x-bible-diaglot.txt	46	hands	25
eng-x-bible-easytoread.txt	47	hands	25
eng-x-bible-godsword.txt	48	hands	25
eng-x-bible-goodnews.txt	47	hands	25
eng-x-bible-kingjames.txt	48	hands	25
eng-x-bible-lexham.txt	49	hands	25
eng-x-bible-literal.txt	45	hands	25
eng-x-bible-livingoracles.txt	45	hands	25
eng-x-bible-majority.txt	47	hands	25
eng-x-bible-montgomery.txt	43	hands	25
eng-x-bible-newcentury.txt	48	hands	25
eng-x-bible-newsimplified.txt	41	hands	25
eng-x-bible-scriptures.txt	44	hands	25
eng-x-bible-treeoflife.txt	43	hands	25
eng-x-bible-worldwide.txt	40	hands	25
isl-x-bible-isl.txt	36	höndum	25
nds-x-bible-nds.txt	43	Henj	25
nld-x-bible-1951.txt	43	handen	25
nld-x-bible-2004.txt	45	handen	25
nld-x-bible-statenvertaling.txt	44	handen	25
nno-x-bible-2011.txt	44	hendene	25
nob-x-bible-1985.txt	39	hendene	25
nob-x-bible-1988.txt	42	hendene	25
nob-x-bible-2007.txt	40	hender	25
nob-x-bible-2011.txt	42	hendene	25
nor-x-bible-1930.txt	41	hender	25
nor-x-bible-student.txt	40	henderne	25
swe-x-bible-b2000.txt	40	händer	25
swe-x-bible-folk1998.txt	39	händer	25
swe-x-bible-nyalevande.txt	43	händer	25
swg-x-bible-swg.txt	43	Händ	25
swg-x-bible-swg.txt	45	Pfode	25
afr-x-bible-1953.txt	3	staan	26
afr-x-bible-1983.txt	2	staan	26
afr-x-bible-boodskap.txt	2	het	26
afr-x-bible-lewende.txt	2	staan	26
afr-x-bible-viralmal.txt	3	het	26
afr-x-bible-viralmal.txt	11	gestaan	26
dan-x-bible-1931.txt	7	stod	26
dan-x-bible-frederik.txt	6	stod	26
dan-x-bible-hverdagsdansk.txt	13	stod	26
deu-x-bible-elberfelder1871.txt	8	stand	26
deu-x-bible-elberfelder1905.txt	8	stand	26
deu-x-bible-erben.txt	8	trat	26
deu-x-bible-freebible.txt	8	stand	26
deu-x-bible-genfer2011.txt	4	stand	26
deu-x-bible-greber.txt	2	stand	26
deu-x-bible-interlinear.txt	6	trat	26
deu-x-bible-konkordant.txt	12	trat	26
deu-x-bible-meister.txt	8	trat	26
deu-x-bible-menge.txt	2	stand	26
deu-x-bible-neue.txt	2	stand	26
deu-x-bible-pattloch.txt	8	trat	26
deu-x-bible-schlachter.txt	8	trat	26
deu-x-bible-schlachter2000.txt	8	trat	26
deu-x-bible-zuercher.txt	8	trat	26
eng-x-bible-amplified.txt	10	standing	26
eng-x-bible-diaglot.txt	8	stood	26
eng-x-bible-easytoread.txt	8	standing	26
eng-x-bible-etheridge.txt	6	stood	26
eng-x-bible-godsword.txt	8	stood	26
eng-x-bible-goodnews.txt	7	stood	26
eng-x-bible-lexham.txt	9	stood	26
eng-x-bible-literal.txt	10	stood	26
eng-x-bible-majority.txt	9	stood	26
eng-x-bible-montgomery.txt	7	stood	26
eng-x-bible-newcentury.txt	8	stood	26
eng-x-bible-newliving.txt	18	stood	26
eng-x-bible-scriptures.txt	8	stood	26
isl-x-bible-isl.txt	4	stóð	26
nld-x-bible-1951.txt	8	stond	26
nld-x-bible-2007.txt	11	stond	26
nld-x-bible-statenvertaling.txt	8	stond	26
nno-x-bible-2011.txt	4	stod	26
nob-x-bible-1985.txt	3	stod	26
nob-x-bible-1988.txt	14	sto	26
nob-x-bible-2007.txt	7	sto	26
nob-x-bible-2011.txt	3	sto	26
nor-x-bible-1930.txt	7	stod	26
nor-x-bible-student.txt	6	stod	26
swe-x-bible-b2000.txt	2	stod	26
swe-x-bible-folk1998.txt	7	stod	26
swe-x-bible-nyalevande.txt	13	stod	26
afr-x-bible-1953.txt	1	En	27
afr-x-bible-boodskap.txt	1	Skielik	27
afr-x-bible-viralmal.txt	1	Maar	27
dan-x-bible-1931.txt	1	Og	27
dan-x-bible-frederik.txt	1	Og	27
deu-x-bible-elberfelder1871.txt	1	Und	27
deu-x-bible-elberfelder1905.txt	1	Und	27
deu-x-bible-erben.txt	1	Und	27
deu-x-bible-freebible.txt	1	Und	27
deu-x-bible-genfer2011.txt	1	Mit	27
deu-x-bible-greber.txt	1	Plötzlich	27
deu-x-bible-interlinear.txt	1	Und	27
deu-x-bible-konkordant.txt	1	Und	27
deu-x-bible-luther1545.txt	1	Und	27
deu-x-bible-luther1545letztehand.txt	1	VND	27
deu-x-bible-luther1912.txt	1	Und	27
deu-x-bible-meister.txt	1	Und	27
deu-x-bible-menge.txt	1	Da	27
deu-x-bible-pattloch.txt	1	Und	27
deu-x-bible-schlachter.txt	1	Und	27
deu-x-bible-schlachter2000.txt	1	Und	27
deu-x-bible-tafelbibel.txt	1	Und	27
deu-x-bible-textbibel.txt	1	Und	27
deu-x-bible-zuercher.txt	1	Und	27
eng-x-bible-amplified.txt	1	And	27
eng-x-bible-clontz.txt	1	And	27
eng-x-bible-common.txt	1	Suddenly	27
eng-x-bible-darby.txt	1	And	27
eng-x-bible-diaglot.txt	1	And	27
eng-x-bible-kingjames.txt	1	And	27
eng-x-bible-lexham.txt	1	And	27
eng-x-bible-literal.txt	1	And	27
eng-x-bible-livingoracles.txt	1	And	27
eng-x-bible-majority.txt	1	And	27
eng-x-bible-new2007.txt	1	Suddenly	27
eng-x-bible-scriptures.txt	1	And	27
isl-x-bible-isl.txt	1	Allt	27
nds-x-bible-nds.txt	1	En	27
nld-x-bible-1951.txt	1	En	27
nld-x-bible-2004.txt	1	Toen	27
nld-x-bible-statenvertaling.txt	1	En	27
nno-x-bible-2011.txt	1	Då	27
nob-x-bible-1985.txt	1	Med	27
nob-x-bible-1988.txt	1	Da	27
nob-x-bible-2007.txt	1	Og	27
nob-x-bible-2011.txt	1	Med	27
nor-x-bible-1930.txt	1	Og	27
nor-x-bible-student.txt	1	Og	27
swe-x-bible-b2000.txt	1	Då	27
swe-x-bible-folk1998.txt	1	Och	27
swe-x-bible-nyalevande.txt	1	Då	27
swg-x-bible-swg.txt	1	Un	27
afr-x-bible-1953.txt	20	.	28
afr-x-bible-1983.txt	17	.	28
afr-x-bible-boodskap.txt	12	.	28
afr-x-bible-boodskap.txt	20	.	28
afr-x-bible-lewende.txt	19	.	28
afr-x-bible-viralmal.txt	20	.	28
dan-x-bible-hverdagsdansk.txt	17	.	28
deu-x-bible-albrecht.txt	15	.	28
deu-x-bible-genfer2011.txt	19	.	28
deu-x-bible-greber.txt	16	.	28
deu-x-bible-hoffnung.txt	15	.	28
deu-x-bible-meister.txt	18	.	28
deu-x-bible-menge.txt	16	.	28
deu-x-bible-neue.txt	16	.	28
deu-x-bible-schlachter.txt	18	.	28
deu-x-bible-schlachter2000.txt	18	.	28
deu-x-bible-tafelbibel.txt	17	.	28
deu-x-bible-volxbibel.txt	24	.	28
deu-x-bible-zuercher.txt	19	.	28
eng-x-bible-amplified.txt	25	.	28
eng-x-bible-common.txt	16	.	28
eng-x-bible-contemporary.txt	16	.	28
eng-x-bible-easytoread.txt	18	.	28
eng-x-bible-godsword.txt	19	.	28
eng-x-bible-goodnews.txt	17	.	28
eng-x-bible-internationalstandard.txt	15	.	28
eng-x-bible-lexham.txt	21	.	28
eng-x-bible-literal.txt	20	.	28
eng-x-bible-montgomery.txt	18	.	28
eng-x-bible-new2007.txt	17	.	28
eng-x-bible-newcentury.txt	18	.	28
eng-x-bible-newinternational.txt	15	.	28
eng-x-bible-newliving.txt	21	.	28
eng-x-bible-newreaders.txt	16	.	28
eng-x-bible-newsimplified.txt	14	.	28
eng-x-bible-scriptures.txt	18	.	28
eng-x-bible-treeoflife.txt	16	.	28
eng-x-bible-worldwide.txt	16	.	28
isl-x-bible-isl.txt	14	.	28
nld-x-bible-2004.txt	18	.	28
nld-x-bible-2007.txt	23	.	28
nno-x-bible-2011.txt	18	.	28
nob-x-bible-1985.txt	15	.	28
nob-x-bible-1988.txt	16	.	28
nob-x-bible-2007.txt	16	.	28
nob-x-bible-2011.txt	16	.	28
nor-x-bible-student.txt	15	.	28
swe-x-bible-b2000.txt	15	.	28
swe-x-bible-folk1998.txt	16	.	28
swe-x-bible-nyalevande.txt	15	.	28
afr-x-bible-1953.txt	36	gou	29
afr-x-bible-1983.txt	38	gou	29
afr-x-bible-lewende.txt	38	gou	29
afr-x-bible-viralmal.txt	43	gou	29
dan-x-bible-1931.txt	33	Hast	29
deu-x-bible-albrecht.txt	31	eilig	29
deu-x-bible-elberfelder1871.txt	33	schnell	29
deu-x-bible-elberfelder1905.txt	33	schnell	29
deu-x-bible-erben.txt	34	geschwind	29
deu-x-bible-freebible.txt	33	schnell	29
deu-x-bible-greber.txt	32	schnell	29
deu-x-bible-gruenewalder.txt	30	Schnell	29
deu-x-bible-hoffnung.txt	33	schnell	29
deu-x-bible-konkordant.txt	49	schnell	29
deu-x-bible-meister.txt	37	Eile	29
deu-x-bible-menge.txt	35	schnell	29
deu-x-bible-neue.txt	31	schnell	29
deu-x-bible-schlachter.txt	33	eilends	29
deu-x-bible-schlachter2000.txt	33	schnell	29
deu-x-bible-tafelbibel.txt	35	Eile	29
deu-x-bible-volxbibel.txt	38	schnell	29
deu-x-bible-zuercher.txt	37	eilends	29
eng-x-bible-amplified.txt	43	quickly	29
eng-x-bible-clontz.txt	35	quickly	29
eng-x-bible-darby.txt	39	quickly	29
eng-x-bible-diaglot.txt	35	haste	29
eng-x-bible-easytoread.txt	36	Hurry	29
eng-x-bible-godsword.txt	34	Hurry	29
eng-x-bible-goodnews.txt	34	Hurry	29
eng-x-bible-internationalstandard.txt	33	quickly	29
eng-x-bible-kingjames.txt	39	quickly	29
eng-x-bible-lexham.txt	38	quickly	29
eng-x-bible-literal.txt	36	haste	29
eng-x-bible-livingoracles.txt	36	quickly	29
eng-x-bible-majority.txt	37	quickly	29
eng-x-bible-montgomery.txt	33	quickly	29
eng-x-bible-new2007.txt	34	quickly	29
eng-x-bible-newcentury.txt	32	Hurry	29
eng-x-bible-newinternational.txt	28	Quick	29
eng-x-bible-newreaders.txt	30	Quick	29
eng-x-bible-newsimplified.txt	31	quickly	29
eng-x-bible-scriptures.txt	35	quickly	29
isl-x-bible-isl.txt	29	skjótt	29
nds-x-bible-nds.txt	34	schwind	29
nld-x-bible-statenvertaling.txt	34	haastelijk	29
nno-x-bible-2011.txt	31	Skund	29
nob-x-bible-1985.txt	28	Skynd	29
nob-x-bible-2007.txt	29	Skynd	29
nob-x-bible-2011.txt	29	Skynd	29
nor-x-bible-1930.txt	30	Skynd	29
nor-x-bible-student.txt	29	Skunda	29
swe-x-bible-b2000.txt	26	Skynda	29
swe-x-bible-folk1998.txt	29	Skynda	29
swg-x-bible-swg.txt	33	schnell	29
afr-x-bible-1953.txt	44	sy	30
afr-x-bible-1983.txt	47	sy	30
afr-x-bible-lewende.txt	46	sy	30
afr-x-bible-viralmal.txt	53	se	30
dan-x-bible-hverdagsdansk.txt	40	hans	30
deu-x-bible-albrecht.txt	41	seinen	30
deu-x-bible-erben.txt	38	seine	30
deu-x-bible-greber.txt	48	seinen	30
deu-x-bible-luther1545.txt	42	seinen	30
deu-x-bible-luther1545letztehand.txt	44	seinen	30
deu-x-bible-luther1912.txt	42	seinen	30
deu-x-bible-meister.txt	42	seine	30
eng-x-bible-amplified.txt	50	his	30
eng-x-bible-clontz.txt	43	his	30
eng-x-bible-common.txt	46	his	30
eng-x-bible-contemporary.txt	44	his	30
eng-x-bible-darby.txt	42	his	30
eng-x-bible-darby.txt	46	his	30
eng-x-bible-etheridge.txt	16	house	30
eng-x-bible-internationalstandard.txt	40	his	30
eng-x-bible-kingjames.txt	42	his	30
eng-x-bible-kingjames.txt	47	his	30
eng-x-bible-lexham.txt	43	his	30
eng-x-bible-lexham.txt	48	his	30
eng-x-bible-literal.txt	44	his	30
eng-x-bible-livingoracles.txt	39	his	30
eng-x-bible-livingoracles.txt	44	his	30
eng-x-bible-majority.txt	41	his	30
eng-x-bible-majority.txt	46	his	30
eng-x-bible-montgomery.txt	42	his	30
eng-x-bible-newliving.txt	47	his	30
eng-x-bible-newsimplified.txt	35	his	30
eng-x-bible-newsimplified.txt	40	his	30
eng-x-bible-scriptures.txt	39	his	30
eng-x-bible-scriptures.txt	43	his	30
eng-x-bible-treeoflife.txt	42	his	30
eng-x-bible-worldwide.txt	35	His	30
eng-x-bible-worldwide.txt	39	his	30
isl-x-bible-isl.txt	37	hans	30
nld-x-bible-1951.txt	42	zijn	30
nld-x-bible-2004.txt	44	zijn	30
nld-x-bible-2007.txt	46	zijn	30
nld-x-bible-statenvertaling.txt	38	zijn	30
nno-x-bible-2011.txt	45	hans	30
nob-x-bible-1985.txt	40	hans	30
nob-x-bible-2007.txt	39	hans	30
nob-x-bible-2011.txt	43	hans	30
nor-x-bible-1930.txt	40	hans	30
swg-x-bible-swg.txt	42	sinene	30
afr-x-bible-1983.txt	41	”	31
afr-x-bible-lewende.txt	41	"	31
afr-x-bible-viralmal.txt	46	”	31
dan-x-bible-1931.txt	35	"	31
deu-x-bible-albrecht.txt	34	"	31
deu-x-bible-genfer2011.txt	41	«	31
deu-x-bible-gruenewalder.txt	34	«	31
deu-x-bible-hoffnung.txt	36	«	31
deu-x-bible-konkordant.txt	47	"	31
deu-x-bible-konkordant.txt	52	"	31
deu-x-bible-menge.txt	38	«	31
deu-x-bible-pattloch.txt	35	"	31
deu-x-bible-volxbibel.txt	40	steh	31
deu-x-bible-volxbibel.txt	43	“	31
eng-x-bible-clontz.txt	37	«	31
eng-x-bible-common.txt	41	"	31
eng-x-bible-contemporary.txt	39	”	31
eng-x-bible-easytoread.txt	41	”	31
eng-x-bible-godsword.txt	39	”	31
eng-x-bible-goodnews.txt	39	”	31
eng-x-bible-internationalstandard.txt	35	”	31
eng-x-bible-lexham.txt	41	”	31
eng-x-bible-majority.txt	39	"	31
eng-x-bible-montgomery.txt	35	"	31
eng-x-bible-new2007.txt	36	”	31
eng-x-bible-newcentury.txt	37	”	31
eng-x-bible-newinternational.txt	33	’	31
eng-x-bible-newliving.txt	41	”	31
eng-x-bible-newreaders.txt	37	"	31
eng-x-bible-newreaders.txt	41	"	31
eng-x-bible-newsimplified.txt	33	«	31
eng-x-bible-scriptures.txt	37	”	31
eng-x-bible-treeoflife.txt	36	”	31
isl-x-bible-isl.txt	31	"	31
nld-x-bible-2004.txt	38	’	31
nld-x-bible-2007.txt	38	’	31
nno-x-bible-2011.txt	37	»	31
nob-x-bible-1985.txt	34	»	31
nob-x-bible-1988.txt	35	”	31
nob-x-bible-2011.txt	35	»	31
nor-x-bible-student.txt	35	»	31
swe-x-bible-b2000.txt	29	«	31
swe-x-bible-folk1998.txt	33	"	31
swe-x-bible-nyalevande.txt	34	"	31
afr-x-bible-1953.txt	25	op	32
afr-x-bible-1983.txt	22	aan	32
afr-x-bible-lewende.txt	24	aan	32
afr-x-bible-viralmal.txt	24	aan	32
afr-x-bible-viralmal.txt	28	geraak	32
dan-x-bible-frederik.txt	21	paa	32
dan-x-bible-hverdagsdansk.txt	14	ved	32
deu-x-bible-albrecht.txt	18	berührte	32
deu-x-bible-elberfelder1871.txt	23	an	32
deu-x-bible-elberfelder1905.txt	23	an	32
deu-x-bible-erben.txt	23	an	32
deu-x-bible-freebible.txt	23	an	32
deu-x-bible-greber.txt	28	auf	32
deu-x-bible-konkordant.txt	27	auf	32
deu-x-bible-luther1545.txt	22	an	32
deu-x-bible-luther1545letztehand.txt	22	an	32
deu-x-bible-luther1912.txt	23	an	32
deu-x-bible-meister.txt	22	an	32
deu-x-bible-schlachter.txt	26	an	32
deu-x-bible-schlachter2000.txt	26	an	32
deu-x-bible-tafelbibel.txt	21	an	32
deu-x-bible-zuercher.txt	18	auf	32
deu-x-bible-zuercher.txt	27	an	32
eng-x-bible-amplified.txt	32	on	32
eng-x-bible-common.txt	20	on	32
eng-x-bible-easytoread.txt	23	on	32
eng-x-bible-internationalstandard.txt	19	on	32
eng-x-bible-kingjames.txt	11	upon	32
eng-x-bible-kingjames.txt	26	on	32
eng-x-bible-livingoracles.txt	25	on	32
eng-x-bible-montgomery.txt	21	on	32
eng-x-bible-new2007.txt	21	on	32
eng-x-bible-newcentury.txt	23	on	32
eng-x-bible-newinternational.txt	19	on	32
eng-x-bible-newliving.txt	26	on	32
eng-x-bible-newreaders.txt	21	on	32
eng-x-bible-newsimplified.txt	18	on	32
eng-x-bible-treeoflife.txt	20	on	32
isl-x-bible-isl.txt	17	á	32
nds-x-bible-nds.txt	23	aune	32
nld-x-bible-2004.txt	23	aan	32
nld-x-bible-2007.txt	26	op	32
swe-x-bible-folk1998.txt	14	upp	32
swg-x-bible-swg.txt	14	uf	32
afr-x-bible-1953.txt	31	wakker	33
afr-x-bible-1983.txt	28	wakker	33
afr-x-bible-boodskap.txt	40	wakker	33
afr-x-bible-lewende.txt	32	wakker	33
afr-x-bible-viralmal.txt	34	wakker	33
dan-x-bible-1931.txt	24	vækkede	33
dan-x-bible-frederik.txt	24	vakte	33
deu-x-bible-neue.txt	27	wecken	33
deu-x-bible-tafelbibel.txt	25	weckte	33
eng-x-bible-clontz.txt	26	woke	33
eng-x-bible-contemporary.txt	25	woke	33
eng-x-bible-easytoread.txt	27	woke	33
eng-x-bible-godsword.txt	26	woke	33
eng-x-bible-goodnews.txt	26	woke	33
eng-x-bible-internationalstandard.txt	23	woke	33
eng-x-bible-lexham.txt	28	woke	33
eng-x-bible-livingoracles.txt	30	awoke	33
eng-x-bible-montgomery.txt	26	woke	33
eng-x-bible-new2007.txt	25	woke	33
eng-x-bible-newcentury.txt	27	woke	33
eng-x-bible-newinternational.txt	23	woke	33
eng-x-bible-newreaders.txt	26	woke	33
eng-x-bible-newsimplified.txt	23	woke	33
eng-x-bible-treeoflife.txt	24	woke	33
eng-x-bible-worldwide.txt	22	woke	33
nld-x-bible-2004.txt	26	wakker	33
nno-x-bible-2011.txt	25	vekte	33
nob-x-bible-1985.txt	17	vekket	33
nob-x-bible-1988.txt	23	vekket	33
nob-x-bible-2007.txt	23	vekket	33
nob-x-bible-2011.txt	18	vekket	33
nor-x-bible-1930.txt	24	vekket	33
nor-x-bible-student.txt	23	vekte	33
swe-x-bible-b2000.txt	17	väckte	33
swe-x-bible-folk1998.txt	23	väckte	33
swe-x-bible-nyalevande.txt	22	väckte	33
afr-x-bible-viralmal.txt	19	geskyn	34
dan-x-bible-1931.txt	13	strålede	34
dan-x-bible-frederik.txt	13	skinnede	34
deu-x-bible-elberfelder1871.txt	14	leuchtete	34
deu-x-bible-elberfelder1905.txt	14	leuchtete	34
deu-x-bible-freebible.txt	14	leuchtete	34
deu-x-bible-meister.txt	14	leuchtete	34
deu-x-bible-pattloch.txt	13	erstrahlte	34
deu-x-bible-tafelbibel.txt	13	leuchtete	34
deu-x-bible-textbibel.txt	11	strahlte	34
deu-x-bible-zuercher.txt	14	leuchtete	34
eng-x-bible-amplified.txt	18	shone	34
eng-x-bible-clontz.txt	15	shone	34
eng-x-bible-common.txt	11	shone	34
eng-x-bible-contemporary.txt	11	flashed	34
eng-x-bible-darby.txt	17	shone	34
eng-x-bible-diaglot.txt	14	shone	34
eng-x-bible-goodnews.txt	13	shone	34
eng-x-bible-internationalstandard.txt	11	shone	34
eng-x-bible-kingjames.txt	17	shined	34
eng-x-bible-lexham.txt	16	shone	34
eng-x-bible-literal.txt	16	shone	34
eng-x-bible-livingoracles.txt	16	shone	34
eng-x-bible-montgomery.txt	14	shone	34
eng-x-bible-new2007.txt	12	shone	34
eng-x-bible-newinternational.txt	11	shone	34
eng-x-bible-newreaders.txt	11	shone	34
eng-x-bible-scriptures.txt	14	shone	34
eng-x-bible-treeoflife.txt	12	shone	34
eng-x-bible-worldwide.txt	12	shone	34
isl-x-bible-isl.txt	11	skein	34
nds-x-bible-nds.txt	14	schiend	34
nld-x-bible-2004.txt	12	stralend	34
nno-x-bible-2011.txt	13	skein	34
nob-x-bible-2007.txt	13	skinte	34
nor-x-bible-1930.txt	13	skinte	34
nor-x-bible-student.txt	12	skein	34
swe-x-bible-folk1998.txt	13	lyste	34
swg-x-bible-swg.txt	13	laichtet	34
dan-x-bible-frederik.txt	26	op	35
deu-x-bible-erben.txt	29	auf	35
deu-x-bible-genfer2011.txt	38	steh	35
deu-x-bible-genfer2011.txt	39	auf	35
deu-x-bible-interlinear.txt	25	auf	35
deu-x-bible-luther1545.txt	28	auf	35
deu-x-bible-luther1545letztehand.txt	29	auff	35
deu-x-bible-meister.txt	30	auf	35
deu-x-bible-pattloch.txt	26	auf	35
deu-x-bible-tafelbibel.txt	27	auf	35
deu-x-bible-volxbibel.txt	29	auf	35
eng-x-bible-clontz.txt	28	up	35
eng-x-bible-common.txt	31	up	35
eng-x-bible-contemporary.txt	27	up	35
eng-x-bible-darby.txt	33	up	35
eng-x-bible-easytoread.txt	29	up	35
eng-x-bible-godsword.txt	28	up	35
eng-x-bible-goodnews.txt	28	up	35
eng-x-bible-internationalstandard.txt	25	up	35
eng-x-bible-kingjames.txt	33	up	35
eng-x-bible-lexham.txt	30	up	35
eng-x-bible-literal.txt	29	up	35
eng-x-bible-new2007.txt	27	up	35
eng-x-bible-newcentury.txt	29	up	35
eng-x-bible-newinternational.txt	25	up	35
eng-x-bible-newreaders.txt	27	up	35
eng-x-bible-newsimplified.txt	25	up	35
eng-x-bible-scriptures.txt	28	up	35
eng-x-bible-treeoflife.txt	26	up	35
eng-x-bible-worldwide.txt	24	up	35
nds-x-bible-nds.txt	29	opp	35
nld-x-bible-statenvertaling.txt	29	op	35
nob-x-bible-2007.txt	25	opp	35
nor-x-bible-1930.txt	26	op	35
afr-x-bible-1953.txt	4	daar	36
afr-x-bible-1983.txt	11	daar	36
dan-x-bible-1931.txt	8	der	36
deu-x-bible-elberfelder1871.txt	9	da	36
deu-x-bible-elberfelder1905.txt	9	da	36
deu-x-bible-freebible.txt	9	da	36
deu-x-bible-gruenewalder.txt	3	da	36
deu-x-bible-menge.txt	9	da	36
deu-x-bible-volxbibel.txt	10	Es	36
deu-x-bible-volxbibel.txt	16	da	36
eng-x-bible-amplified.txt	22	where	36
eng-x-bible-darby.txt	12	there	36
eng-x-bible-easytoread.txt	9	there	36
eng-x-bible-goodnews.txt	8	there	36
eng-x-bible-majority.txt	11	there	36
eng-x-bible-newcentury.txt	9	there	36
eng-x-bible-newliving.txt	3	there	36
nld-x-bible-1951.txt	12	er	36
nld-x-bible-2007.txt	10	Er	36
nld-x-bible-statenvertaling.txt	9	daar	36
nno-x-bible-2011.txt	9	der	36
nob-x-bible-1985.txt	7	der	36
nob-x-bible-1988.txt	15	der	36
nob-x-bible-2007.txt	8	der	36
nob-x-bible-2011.txt	8	der	36
nor-x-bible-1930.txt	8	der	36
nor-x-bible-student.txt	7	der	36
swe-x-bible-b2000.txt	3	där	36
swe-x-bible-folk1998.txt	8	där	36
swe-x-bible-nyalevande.txt	14	där	36
afr-x-bible-1953.txt	22	slaan	37
dan-x-bible-1931.txt	19	slog	37
dan-x-bible-frederik.txt	19	slog	37
deu-x-bible-elberfelder1871.txt	21	schlug	37
deu-x-bible-elberfelder1905.txt	21	schlug	37
deu-x-bible-erben.txt	21	schlug	37
deu-x-bible-freebible.txt	21	schlug	37
deu-x-bible-luther1545.txt	20	schlug	37
deu-x-bible-luther1545letztehand.txt	20	schlug	37
deu-x-bible-luther1912.txt	21	schlug	37
deu-x-bible-meister.txt	20	schlug	37
deu-x-bible-tafelbibel.txt	19	schlug	37
eng-x-bible-clontz.txt	22	struck	37
eng-x-bible-darby.txt	24	smitten	37
eng-x-bible-diaglot.txt	20	struck	37
eng-x-bible-kingjames.txt	24	smote	37
eng-x-bible-literal.txt	22	striking	37
eng-x-bible-majority.txt	24	striking	37
eng-x-bible-new2007.txt	19	struck	37
eng-x-bible-newcentury.txt	21	struck	37
eng-x-bible-newinternational.txt	17	struck	37
eng-x-bible-newliving.txt	24	struck	37
eng-x-bible-newreaders.txt	19	struck	37
eng-x-bible-newsimplified.txt	16	struck	37
eng-x-bible-scriptures.txt	20	smiting	37
eng-x-bible-worldwide.txt	18	hit	37
nld-x-bible-statenvertaling.txt	20	slaande	37
swg-x-bible-swg.txt	21	schlat	37
deu-x-bible-albrecht.txt	38	die	38
deu-x-bible-elberfelder1871.txt	37	die	38
deu-x-bible-elberfelder1905.txt	37	die	38
deu-x-bible-freebible.txt	37	die	38
deu-x-bible-genfer2011.txt	53	die	38
deu-x-bible-genfer2011.txt	56	die	38
deu-x-bible-greber.txt	45	die	38
deu-x-bible-gruenewalder.txt	38	die	38
deu-x-bible-hoffnung.txt	40	die	38
deu-x-bible-interlinear.txt	39	die	38
deu-x-bible-konkordant.txt	54	die	38
deu-x-bible-luther1545.txt	37	die	38
deu-x-bible-luther1545letztehand.txt	39	die	38
deu-x-bible-luther1912.txt	37	die	38
deu-x-bible-menge.txt	42	die	38
deu-x-bible-neue.txt	42	die	38
deu-x-bible-pattloch.txt	39	die	38
deu-x-bible-schlachter.txt	37	die	38
deu-x-bible-schlachter2000.txt	37	die	38
deu-x-bible-tafelbibel.txt	40	die	38
deu-x-bible-textbibel.txt	36	die	38
deu-x-bible-volxbibel.txt	48	die	38
deu-x-bible-zuercher.txt	41	die	38
nds-x-bible-nds.txt	38	de	38
afr-x-bible-boodskap.txt	38	hom	39
dan-x-bible-1931.txt	39	ham	39
dan-x-bible-frederik.txt	37	ham	39
deu-x-bible-albrecht.txt	37	ihm	39
deu-x-bible-elberfelder1871.txt	40	ihm	39
deu-x-bible-elberfelder1905.txt	40	ihm	39
deu-x-bible-erben.txt	41	ihm	39
deu-x-bible-freebible.txt	40	ihm	39
deu-x-bible-greber.txt	44	ihm	39
deu-x-bible-gruenewalder.txt	37	ihm	39
deu-x-bible-interlinear.txt	38	ihm	39
deu-x-bible-konkordant.txt	57	ihm	39
deu-x-bible-luther1545.txt	40	ihm	39
deu-x-bible-luther1545letztehand.txt	42	jm	39
deu-x-bible-luther1912.txt	40	ihm	39
deu-x-bible-menge.txt	41	ihm	39
deu-x-bible-neue.txt	41	ihm	39
deu-x-bible-pattloch.txt	38	ihm	39
deu-x-bible-schlachter.txt	40	ihm	39
deu-x-bible-schlachter2000.txt	40	ihm	39
deu-x-bible-tafelbibel.txt	42	ihm	39
deu-x-bible-textbibel.txt	39	ihm	39
deu-x-bible-zuercher.txt	44	ihm	39
eng-x-bible-diaglot.txt	41	him	39
nds-x-bible-nds.txt	41	am	39
nor-x-bible-student.txt	42	honom	39
swg-x-bible-swg.txt	40	nem	39
afr-x-bible-1983.txt	19	engel	40
afr-x-bible-lewende.txt	21	engel	40
afr-x-bible-viralmal.txt	22	engel	40
dan-x-bible-hverdagsdansk.txt	18	Englen	40
deu-x-bible-albrecht.txt	17	Engel	40
deu-x-bible-genfer2011.txt	21	Engel	40
deu-x-bible-greber.txt	18	Engel	40
deu-x-bible-hoffnung.txt	17	Engel	40
deu-x-bible-menge.txt	18	Engel	40
deu-x-bible-volxbibel.txt	26	Engel	40
eng-x-bible-amplified.txt	28	angel	40
eng-x-bible-common.txt	28	angel	40
eng-x-bible-contemporary.txt	18	angel	40
eng-x-bible-easytoread.txt	20	angel	40
eng-x-bible-godsword.txt	21	angel	40
eng-x-bible-goodnews.txt	19	angel	40
eng-x-bible-newcentury.txt	20	angel	40
eng-x-bible-newliving.txt	23	angel	40
eng-x-bible-newreaders.txt	18	angel	40
nld-x-bible-2004.txt	20	engel	40
nno-x-bible-2011.txt	19	Engelen	40
nob-x-bible-1988.txt	17	Engelen	40
swe-x-bible-b2000.txt	16	Ängeln	40
swe-x-bible-folk1998.txt	17	Ängeln	40
swe-x-bible-nyalevande.txt	16	Ängeln	40
afr-x-bible-boodskap.txt	11	verskyn	41
dan-x-bible-frederik.txt	7	for	41
deu-x-bible-albrecht.txt	2	erschien	41
deu-x-bible-gruenewalder.txt	4	erschien	41
deu-x-bible-luther1545.txt	8	kam	41
deu-x-bible-luther1545letztehand.txt	8	kam	41
deu-x-bible-luther1912.txt	8	kam	41
deu-x-bible-neue.txt	7	vor	41
deu-x-bible-tafelbibel.txt	8	erschien	41
deu-x-bible-textbibel.txt	7	erschien	41
deu-x-bible-volxbibel.txt	2	kam	41
eng-x-bible-amplified.txt	8	appeared	41
eng-x-bible-clontz.txt	10	appeared	41
eng-x-bible-common.txt	7	appeared	41
eng-x-bible-contemporary.txt	7	appeared	41
eng-x-bible-darby.txt	11	came	41
eng-x-bible-internationalstandard.txt	7	appeared	41
eng-x-bible-kingjames.txt	10	came	41
eng-x-bible-new2007.txt	7	appeared	41
eng-x-bible-newinternational.txt	7	appeared	41
eng-x-bible-newreaders.txt	7	appeared	41
eng-x-bible-newsimplified.txt	4	came	41
eng-x-bible-treeoflife.txt	7	appeared	41
eng-x-bible-worldwide.txt	1	An	41
eng-x-bible-worldwide.txt	6	came	41
nds-x-bible-nds.txt	8	tjeem	41
nld-x-bible-2004.txt	2	verscheen	41
swg-x-bible-swg.txt	8	kummt	41
deu-x-bible-albrecht.txt	19	die	42
deu-x-bible-elberfelder1871.txt	24	die	42
deu-x-bible-elberfelder1905.txt	24	die	42
deu-x-bible-erben.txt	24	die	42
deu-x-bible-freebible.txt	24	die	42
deu-x-bible-genfer2011.txt	27	die	42
deu-x-bible-greber.txt	23	die	42
deu-x-bible-gruenewalder.txt	21	die	42
deu-x-bible-interlinear.txt	18	die	42
deu-x-bible-konkordant.txt	37	die	42
deu-x-bible-luther1545.txt	23	die	42
deu-x-bible-luther1545letztehand.txt	23	die	42
deu-x-bible-luther1912.txt	24	die	42
deu-x-bible-meister.txt	23	die	42
deu-x-bible-menge.txt	26	die	42
deu-x-bible-neue.txt	21	die	42
deu-x-bible-pattloch.txt	21	die	42
deu-x-bible-schlachter.txt	27	die	42
deu-x-bible-schlachter2000.txt	27	die	42
deu-x-bible-tafelbibel.txt	22	die	42
deu-x-bible-textbibel.txt	22	die	42
deu-x-bible-zuercher.txt	28	die	42
nld-x-bible-statenvertaling.txt	21	de	42
afr-x-bible-1953.txt	21	Toe	43
afr-x-bible-1983.txt	18	Die	43
afr-x-bible-lewende.txt	20	Die	43
afr-x-bible-viralmal.txt	21	Die	43
deu-x-bible-albrecht.txt	16	Der	43
deu-x-bible-genfer2011.txt	20	Der	43
deu-x-bible-greber.txt	17	Der	43
deu-x-bible-hoffnung.txt	16	Der	43
deu-x-bible-menge.txt	17	Der	43
deu-x-bible-volxbibel.txt	25	Der	43
eng-x-bible-amplified.txt	26	And	43
eng-x-bible-contemporary.txt	17	The	43
eng-x-bible-contemporary.txt	29	Then	43
eng-x-bible-easytoread.txt	19	The	43
eng-x-bible-godsword.txt	20	The	43
eng-x-bible-goodnews.txt	18	The	43
eng-x-bible-lexham.txt	22	And	43
eng-x-bible-literal.txt	21	And	43
eng-x-bible-newcentury.txt	19	The	43
eng-x-bible-newliving.txt	22	The	43
eng-x-bible-newreaders.txt	17	The	43
eng-x-bible-scriptures.txt	19	And	43
nld-x-bible-2004.txt	19	De	43
nor-x-bible-student.txt	16	Og	43
deu-x-bible-elberfelder1871.txt	16	dem	44
deu-x-bible-elberfelder1905.txt	16	dem	44
deu-x-bible-erben.txt	16	dem	44
deu-x-bible-freebible.txt	16	dem	44
deu-x-bible-gruenewalder.txt	13	dem	44
deu-x-bible-interlinear.txt	13	dem	44
deu-x-bible-luther1545.txt	16	dem	44
deu-x-bible-luther1545letztehand.txt	16	dem	44
deu-x-bible-luther1912.txt	16	dem	44
deu-x-bible-meister.txt	16	dem	44
deu-x-bible-schlachter.txt	16	dem	44
deu-x-bible-schlachter2000.txt	16	dem	44
deu-x-bible-tafelbibel.txt	15	dem	44
deu-x-bible-textbibel.txt	13	dem	44
deu-x-bible-zuercher.txt	16	dem	44
nds-x-bible-nds.txt	16	däm	44
swg-x-bible-swg.txt	16	däm	44
afr-x-bible-1953.txt	19	gevangenis	45
afr-x-bible-boodskap.txt	10	tronk	45
afr-x-bible-viralmal.txt	18	tronk	45
dan-x-bible-frederik.txt	15	Fængslet	45
deu-x-bible-elberfelder1871.txt	17	Kerker	45
deu-x-bible-elberfelder1905.txt	17	Kerker	45
deu-x-bible-freebible.txt	17	Kerker	45
deu-x-bible-meister.txt	17	Gefängnis	45
eng-x-bible-common.txt	14	prison	45
eng-x-bible-darby.txt	20	prison	45
eng-x-bible-kingjames.txt	20	prison	45
eng-x-bible-lexham.txt	19	prison	45
eng-x-bible-majority.txt	20	prison	45
eng-x-bible-new2007.txt	15	prison	45
eng-x-bible-newreaders.txt	14	prison	45
eng-x-bible-newsimplified.txt	13	prison	45
eng-x-bible-worldwide.txt	15	prison	45
dan-x-bible-1931.txt	17	og	46
deu-x-bible-elberfelder1871.txt	19	und	46
deu-x-bible-elberfelder1905.txt	19	und	46
deu-x-bible-erben.txt	19	und	46
deu-x-bible-freebible.txt	19	und	46
deu-x-bible-luther1545.txt	19	und	46
deu-x-bible-luther1545letztehand.txt	19	vnd	46
deu-x-bible-luther1912.txt	19	und	46
eng-x-bible-clontz.txt	20	and	46
eng-x-bible-darby.txt	22	and	46
eng-x-bible-diaglot.txt	21	and	46
eng-x-bible-kingjames.txt	22	and	46
eng-x-bible-livingoracles.txt	21	giving	46
eng-x-bible-majority.txt	23	and	46
nds-x-bible-nds.txt	19	en	46
nld-x-bible-1951.txt	19	en	46
nld-x-bible-statenvertaling.txt	19	en	46
nor-x-bible-1930.txt	17	og	46
swe-x-bible-nyalevande.txt	21	och	46
swg-x-bible-swg.txt	19	un	46
dan-x-bible-frederik.txt	16	;	47
deu-x-bible-elberfelder1871.txt	18	;	47
deu-x-bible-elberfelder1905.txt	18	;	47
deu-x-bible-erben.txt	18	;	47
deu-x-bible-freebible.txt	18	;	47
deu-x-bible-gruenewalder.txt	15	;	47
deu-x-bible-interlinear.txt	15	;	47
deu-x-bible-konkordant.txt	29	;	47
deu-x-bible-luther1545.txt	18	;	47
deu-x-bible-luther1912.txt	18	;	47
deu-x-bible-pattloch.txt	16	;	47
deu-x-bible-textbibel.txt	15	;	47
eng-x-bible-clontz.txt	19	;	47
eng-x-bible-darby.txt	21	:	47
eng-x-bible-diaglot.txt	18	;	47
eng-x-bible-kingjames.txt	21	:	47
eng-x-bible-livingoracles.txt	20	;	47
eng-x-bible-majority.txt	22	;	47
nds-x-bible-nds.txt	18	;	47
swg-x-bible-swg.txt	18	;	47
deu-x-bible-elberfelder1871.txt	42	den	48
deu-x-bible-elberfelder1905.txt	42	den	48
deu-x-bible-erben.txt	43	den	48
deu-x-bible-freebible.txt	42	den	48
deu-x-bible-gruenewalder.txt	41	den	48
deu-x-bible-hoffnung.txt	43	den	48
deu-x-bible-interlinear.txt	42	den	48
deu-x-bible-konkordant.txt	59	den	48
deu-x-bible-meister.txt	46	den	48
deu-x-bible-menge.txt	45	den	48
deu-x-bible-neue.txt	45	den	48
deu-x-bible-pattloch.txt	42	den	48
deu-x-bible-schlachter.txt	42	den	48
deu-x-bible-schlachter2000.txt	42	den	48
deu-x-bible-tafelbibel.txt	44	den	48
deu-x-bible-textbibel.txt	41	den	48
deu-x-bible-zuercher.txt	46	den	48
dan-x-bible-1931.txt	21	i	49
dan-x-bible-hverdagsdansk.txt	23	i	49
deu-x-bible-greber.txt	22	in	49
deu-x-bible-gruenewalder.txt	20	in	49
deu-x-bible-konkordant.txt	35	in	49
deu-x-bible-menge.txt	25	in	49
deu-x-bible-pattloch.txt	20	in	49
deu-x-bible-textbibel.txt	21	in	49
eng-x-bible-contemporary.txt	21	in	49
nld-x-bible-1951.txt	23	in	49
nno-x-bible-2011.txt	22	i	49
nob-x-bible-1985.txt	22	i	49
nob-x-bible-1988.txt	20	i	49
nob-x-bible-2007.txt	20	i	49
nob-x-bible-2011.txt	23	i	49
nor-x-bible-1930.txt	21	i	49
nor-x-bible-student.txt	20	i	49
swe-x-bible-b2000.txt	22	i	49
swe-x-bible-folk1998.txt	20	i	49
swe-x-bible-nyalevande.txt	19	i	49
swg-x-bible-swg.txt	23	in	49
afr-x-bible-1953.txt	40	die	50
afr-x-bible-1983.txt	44	die	50
deu-x-bible-volxbibel.txt	45	derselben	50
eng-x-bible-amplified.txt	46	the	50
eng-x-bible-clontz.txt	39	the	50
eng-x-bible-etheridge.txt	15	the	50
eng-x-bible-godsword.txt	43	the	50
eng-x-bible-goodnews.txt	42	the	50
eng-x-bible-literal.txt	39	the	50
eng-x-bible-montgomery.txt	38	the	50
eng-x-bible-new2007.txt	38	the	50
eng-x-bible-newcentury.txt	43	the	50
eng-x-bible-newinternational.txt	38	the	50
eng-x-bible-newliving.txt	43	the	50
eng-x-bible-treeoflife.txt	38	the	50
nld-x-bible-1951.txt	38	de	50
nld-x-bible-2004.txt	41	de	50
nld-x-bible-2007.txt	43	de	50
eng-x-bible-amplified.txt	6	the	51
eng-x-bible-common.txt	5	the	51
eng-x-bible-contemporary.txt	5	the	51
eng-x-bible-easytoread.txt	5	the	51
eng-x-bible-godsword.txt	6	the	51
eng-x-bible-goodnews.txt	5	the	51
eng-x-bible-internationalstandard.txt	5	the	51
eng-x-bible-kingjames.txt	5	the	51
eng-x-bible-montgomery.txt	5	the	51
eng-x-bible-new2007.txt	5	the	51
eng-x-bible-newcentury.txt	6	the	51
eng-x-bible-newinternational.txt	5	the	51
eng-x-bible-newreaders.txt	5	the	51
eng-x-bible-treeoflife.txt	5	the	51
eng-x-bible-worldwide.txt	4	the	51
afr-x-bible-1983.txt	15	die	52
afr-x-bible-lewende.txt	17	die	52
eng-x-bible-common.txt	13	the	52
eng-x-bible-contemporary.txt	14	the	52
eng-x-bible-easytoread.txt	12	the	52
eng-x-bible-goodnews.txt	15	the	52
eng-x-bible-internationalstandard.txt	13	the	52
eng-x-bible-new2007.txt	14	the	52
eng-x-bible-newcentury.txt	16	the	52
eng-x-bible-newinternational.txt	13	the	52
eng-x-bible-newliving.txt	16	the	52
eng-x-bible-newreaders.txt	13	the	52
eng-x-bible-newsimplified.txt	12	the	52
eng-x-bible-treeoflife.txt	14	the	52
nld-x-bible-2004.txt	15	de	52
deu-x-bible-albrecht.txt	21	des	53
eng-x-bible-amplified.txt	27	the	53
eng-x-bible-contemporary.txt	22	the	53
eng-x-bible-darby.txt	25	the	53
eng-x-bible-easytoread.txt	24	the	53
eng-x-bible-goodnews.txt	23	the	53
eng-x-bible-majority.txt	25	the	53
eng-x-bible-montgomery.txt	22	the	53
eng-x-bible-new2007.txt	22	the	53
eng-x-bible-newcentury.txt	24	the	53
eng-x-bible-newinternational.txt	20	the	53
eng-x-bible-newsimplified.txt	19	the	53
eng-x-bible-scriptures.txt	21	the	53
eng-x-bible-treeoflife.txt	21	the	53
afr-x-bible-viralmal.txt	52	Petrus	54
deu-x-bible-genfer2011.txt	54	Petrus	54
deu-x-bible-hoffnung.txt	39	Petrus	54
deu-x-bible-volxbibel.txt	36	Petrus	54
eng-x-bible-easytoread.txt	46	Peter’s	54
eng-x-bible-godsword.txt	47	Peter’s	54
eng-x-bible-goodnews.txt	46	Peter's	54
eng-x-bible-lexham.txt	24	Peter’s	54
eng-x-bible-new2007.txt	42	Peter’s	54
eng-x-bible-newcentury.txt	47	Peter’s	54
eng-x-bible-newinternational.txt	42	Peter’s	54
eng-x-bible-newreaders.txt	46	Peter's	54
nob-x-bible-1988.txt	44	Peter	54
swe-x-bible-b2000.txt	39	Petrus	54
swe-x-bible-folk1998.txt	38	Petrus	54
swe-x-bible-nyalevande.txt	42	Petrus	54
afr-x-bible-1983.txt	16	sel	55
afr-x-bible-lewende.txt	18	sel	55
deu-x-bible-genfer2011.txt	11	Zelle	55
deu-x-bible-hoffnung.txt	8	Zelle	55
deu-x-bible-neue.txt	15	Zelle	55
deu-x-bible-volxbibel.txt	8	Zelle	55
eng-x-bible-common.txt	15	cell	55
eng-x-bible-internationalstandard.txt	14	cell	55
eng-x-bible-new2007.txt	16	cell	55
eng-x-bible-newinternational.txt	14	cell	55
nob-x-bible-1988.txt	3	cellen	55
nob-x-bible-2007.txt	15	fangerommet	55
nor-x-bible-student.txt	14	fangeromet	55
swe-x-bible-nyalevande.txt	3	cellen	55
afr-x-bible-1953.txt	10	by	56
afr-x-bible-lewende.txt	9	by	56
afr-x-bible-viralmal.txt	9	by	56
deu-x-bible-greber.txt	7	neben	56
eng-x-bible-amplified.txt	11	beside	56
eng-x-bible-diaglot.txt	9	by	56
eng-x-bible-godsword.txt	9	near	56
eng-x-bible-lexham.txt	10	near	56
eng-x-bible-literal.txt	11	by	56
eng-x-bible-montgomery.txt	8	by	56
eng-x-bible-scriptures.txt	9	by	56
eng-x-bible-worldwide.txt	7	to	56
isl-x-bible-isl.txt	7	hjá	56
nds-x-bible-nds.txt	9	no	56
nld-x-bible-1951.txt	9	bij	56
afr-x-bible-1953.txt	11	hom	57
dan-x-bible-frederik.txt	8	ham	57
deu-x-bible-neue.txt	8	ihm	57
eng-x-bible-amplified.txt	12	him	57
eng-x-bible-kingjames.txt	12	him	57
eng-x-bible-lexham.txt	11	him	57
eng-x-bible-montgomery.txt	9	him	57
eng-x-bible-newsimplified.txt	6	him	57
eng-x-bible-worldwide.txt	8	him	57
isl-x-bible-isl.txt	8	honum	57
nds-x-bible-nds.txt	10	am	57
nld-x-bible-1951.txt	10	hem	57
afr-x-bible-1953.txt	18	die	58
eng-x-bible-amplified.txt	20	the	58
eng-x-bible-clontz.txt	17	the	58
eng-x-bible-darby.txt	19	the	58
eng-x-bible-kingjames.txt	19	the	58
eng-x-bible-lexham.txt	18	the	58
eng-x-bible-literal.txt	18	the	58
eng-x-bible-livingoracles.txt	18	the	58
eng-x-bible-majority.txt	19	the	58
eng-x-bible-montgomery.txt	16	the	58
eng-x-bible-scriptures.txt	16	the	58
nld-x-bible-statenvertaling.txt	16	de	58
afr-x-bible-1953.txt	8	die	59
afr-x-bible-1983.txt	7	die	59
afr-x-bible-lewende.txt	7	die	59
eng-x-bible-clontz.txt	7	the	59
eng-x-bible-darby.txt	8	the	59
eng-x-bible-kingjames.txt	8	the	59
eng-x-bible-lexham.txt	7	the	59
eng-x-bible-literal.txt	8	the	59
eng-x-bible-livingoracles.txt	8	the	59
eng-x-bible-majority.txt	7	the	59
eng-x-bible-newliving.txt	9	the	59
nld-x-bible-2004.txt	8	de	59
nld-x-bible-2007.txt	7	de	59
deu-x-bible-genfer2011.txt	34	.	60
deu-x-bible-greber.txt	29	.	60
deu-x-bible-neue.txt	28	.	60
eng-x-bible-contemporary.txt	28	.	60
eng-x-bible-easytoread.txt	30	.	60
eng-x-bible-newcentury.txt	30	.	60
eng-x-bible-newinternational.txt	26	.	60
eng-x-bible-newreaders.txt	28	.	60
eng-x-bible-worldwide.txt	25	.	60
nld-x-bible-2007.txt	33	.	60
swe-x-bible-b2000.txt	24	.	60
dan-x-bible-1931.txt	36	og	61
dan-x-bible-frederik.txt	34	og	61
deu-x-bible-meister.txt	39	und	61
deu-x-bible-tafelbibel.txt	37	und	61
eng-x-bible-livingoracles.txt	38	and	61
eng-x-bible-newinternational.txt	37	and	61
nob-x-bible-2007.txt	31	og	61
nor-x-bible-1930.txt	32	og	61
nor-x-bible-student.txt	36	og	61
swe-x-bible-b2000.txt	34	och	61
dan-x-bible-hverdagsdansk.txt	36	samme	62
deu-x-bible-genfer2011.txt	48	Augenblick	62
deu-x-bible-textbibel.txt	32	sogleich	62
deu-x-bible-volxbibel.txt	46	Sekunde	62
eng-x-bible-godsword.txt	42	moment	62
eng-x-bible-goodnews.txt	41	once	62
eng-x-bible-montgomery.txt	37	once	62
nld-x-bible-2007.txt	40	hetzelfde	62
nno-x-bible-2011.txt	40	same	62
nob-x-bible-1988.txt	37	samme	62
nob-x-bible-1988.txt	38	øyeblikk	62
nob-x-bible-2011.txt	38	samme	62
swe-x-bible-nyalevande.txt	32	snabbt	62
swe-x-bible-nyalevande.txt	37	samma	62
swe-x-bible-nyalevande.txt	38	stund	62
dan-x-bible-hverdagsdansk.txt	21	et	63
deu-x-bible-genfer2011.txt	24	einen	63
deu-x-bible-menge.txt	23	einen	63
deu-x-bible-schlachter.txt	24	einen	63
deu-x-bible-schlachter2000.txt	24	einen	63
deu-x-bible-volxbibel.txt	21	einen	63
deu-x-bible-zuercher.txt	25	einen	63
eng-x-bible-livingoracles.txt	23	a	63
nob-x-bible-1985.txt	20	et	63
nob-x-bible-2011.txt	21	et	63
swe-x-bible-b2000.txt	20	en	63
afr-x-bible-boodskap.txt	14	het	64
dan-x-bible-hverdagsdansk.txt	2	lå	64
deu-x-bible-genfer2011.txt	3	Mal	64
deu-x-bible-genfer2011.txt	16	erfüllte	64
deu-x-bible-hoffnung.txt	12	erfüllte	64
deu-x-bible-neue.txt	13	erfüllte	64
deu-x-bible-volxbibel.txt	11	war	64
eng-x-bible-easytoread.txt	7	was	64
eng-x-bible-goodnews.txt	20	shook	64
eng-x-bible-newliving.txt	4	was	64
nld-x-bible-2007.txt	2	was	64
nno-x-bible-2011.txt	12	det	64
nob-x-bible-1988.txt	2	ble	64
afr-x-bible-1983.txt	29	te	65
deu-x-bible-genfer2011.txt	32	zu	65
deu-x-bible-hoffnung.txt	28	zu	65
deu-x-bible-menge.txt	30	zu	65
deu-x-bible-neue.txt	26	zu	65
eng-x-bible-newliving.txt	29	to	65
nld-x-bible-1951.txt	28	te	65
nld-x-bible-2004.txt	27	te	65
afr-x-bible-viralmal.txt	23	het	66
deu-x-bible-greber.txt	19	stieß	66
deu-x-bible-gruenewalder.txt	17	stieß	66
deu-x-bible-neue.txt	18	stieß	66
deu-x-bible-pattloch.txt	18	stieß	66
deu-x-bible-textbibel.txt	17	stieß	66
nob-x-bible-2007.txt	18	støtte	66
nor-x-bible-1930.txt	19	støtte	66
nor-x-bible-student.txt	18	støytte	66
swe-x-bible-folk1998.txt	18	stötte	66
deu-x-bible-genfer2011.txt	18	Raum	67
deu-x-bible-hoffnung.txt	14	Raum	67
eng-x-bible-easytoread.txt	13	room	67
eng-x-bible-majority.txt	21	room	67
nld-x-bible-1951.txt	17	vertrek	67
nno-x-bible-2011.txt	17	rommet	67
nob-x-bible-1985.txt	14	rommet	67
nob-x-bible-2011.txt	15	rommet	67
swe-x-bible-b2000.txt	14	rummet	67
swe-x-bible-folk1998.txt	15	rummet	67
dan-x-bible-1931.txt	32	i	68
deu-x-bible-interlinear.txt	32	in	68
deu-x-bible-meister.txt	36	in	68
deu-x-bible-tafelbibel.txt	34	in	68
eng-x-bible-diaglot.txt	34	in	68
eng-x-bible-etheridge.txt	13	in	68
eng-x-bible-literal.txt	35	in	68
swe-x-bible-nyalevande.txt	36	i	68
deu-x-bible-greber.txt	15	Raum	69
deu-x-bible-interlinear.txt	14	Raum	69
deu-x-bible-menge.txt	15	Raum	69
deu-x-bible-pattloch.txt	15	Raum	69
deu-x-bible-schlachter2000.txt	17	Raum	69
eng-x-bible-amplified.txt	21	place	69
nds-x-bible-nds.txt	17	Rüm	69
swg-x-bible-swg.txt	17	Platz	69
afr-x-bible-1953.txt	27	sy	70
afr-x-bible-1983.txt	25	sy	70
afr-x-bible-lewende.txt	27	sy	70
afr-x-bible-viralmal.txt	27	sy	70
eng-x-bible-common.txt	21	his	70
eng-x-bible-godsword.txt	13	his	70
eng-x-bible-internationalstandard.txt	20	his	70
eng-x-bible-newreaders.txt	22	his	70
nld-x-bible-1951.txt	24	zijn	70
afr-x-bible-1983.txt	26	om	71
deu-x-bible-genfer2011.txt	30	um	71
deu-x-bible-neue.txt	24	um	71
eng-x-bible-common.txt	23	to	71
nld-x-bible-1951.txt	26	om	71
nld-x-bible-2004.txt	24	om	71
deu-x-bible-menge.txt	3	mit	72
eng-x-bible-easytoread.txt	15	filled	72
eng-x-bible-godsword.txt	16	filled	72
nno-x-bible-2011.txt	2	med	72
nob-x-bible-1988.txt	5	fylt	72
swe-x-bible-b2000.txt	13	fyllde	72
swe-x-bible-nyalevande.txt	2	fylldes	72
dan-x-bible-hverdagsdansk.txt	29	dig	73
deu-x-bible-tafelbibel.txt	32	dich	73
nob-x-bible-1988.txt	30	deg	73
nob-x-bible-2007.txt	30	deg	73
nor-x-bible-1930.txt	31	dig	73
nor-x-bible-student.txt	30	deg	73
swe-x-bible-b2000.txt	27	dig	73
swe-x-bible-folk1998.txt	30	dig	73
swe-x-bible-nyalevande.txt	29	dig	73
deu-x-bible-volxbibel.txt	9	!	74
eng-x-bible-literal.txt	4	!	74
eng-x-bible-newreaders.txt	8	.	74
eng-x-bible-newsimplified.txt	7	.	74
nld-x-bible-2007.txt	9	.	74
eng-x-bible-easytoread.txt	16	with	75
eng-x-bible-godsword.txt	17	with	75
nob-x-bible-1985.txt	19	med	75
nob-x-bible-2011.txt	20	med	75
swe-x-bible-b2000.txt	19	med	75
eng-x-bible-contemporary.txt	46	,	76
nno-x-bible-2011.txt	46	,	76
nob-x-bible-1985.txt	41	,	76
nob-x-bible-2011.txt	44	,	76
swe-x-bible-folk1998.txt	40	,	76
dan-x-bible-hverdagsdansk.txt	35	det	77
deu-x-bible-meister.txt	40	es	77
deu-x-bible-tafelbibel.txt	38	es	77
nno-x-bible-2011.txt	39	det	77
nob-x-bible-2011.txt	37	det	77
dan-x-bible-frederik.txt	17	men	78
deu-x-bible-interlinear.txt	17	aber	78
deu-x-bible-meister.txt	21	aber	78
deu-x-bible-schlachter.txt	21	aber	78
deu-x-bible-schlachter2000.txt	21	aber	78
deu-x-bible-textbibel.txt	18	aber	78
deu-x-bible-zuercher.txt	22	aber	78
deu-x-bible-interlinear.txt	20	des	79
deu-x-bible-meister.txt	25	des	79
eng-x-bible-darby.txt	27	of	79
eng-x-bible-diaglot.txt	24	of	79
eng-x-bible-majority.txt	27	of	79
eng-x-bible-scriptures.txt	23	of	79
nld-x-bible-statenvertaling.txt	23	van	79
deu-x-bible-erben.txt	9	hinzu	80
deu-x-bible-interlinear.txt	7	hinzu	80
deu-x-bible-konkordant.txt	14	herzu	80
deu-x-bible-meister.txt	9	herzu	80
deu-x-bible-schlachter.txt	9	hinzu	80
deu-x-bible-schlachter2000.txt	9	hinzu	80
deu-x-bible-zuercher.txt	9	hinzu	80
afr-x-bible-boodskap.txt	8	in	81
dan-x-bible-hverdagsdansk.txt	5	i	81
deu-x-bible-genfer2011.txt	9	in	81
deu-x-bible-hoffnung.txt	2	betrat	81
deu-x-bible-volxbibel.txt	6	in	81
eng-x-bible-newliving.txt	8	in	81
isl-x-bible-isl.txt	2	í	81
nld-x-bible-2007.txt	6	in	81
deu-x-bible-genfer2011.txt	10	der	82
deu-x-bible-luther1545.txt	4	der	82
deu-x-bible-luther1545letztehand.txt	4	der	82
deu-x-bible-luther1912.txt	4	der	82
swg-x-bible-swg.txt	4	dr	82
deu-x-bible-greber.txt	20	den	83
deu-x-bible-gruenewalder.txt	18	den	83
deu-x-bible-menge.txt	20	den	83
deu-x-bible-textbibel.txt	19	den	83
swg-x-bible-swg.txt	24	d	83
afr-x-bible-lewende.txt	11	,	84
nno-x-bible-2011.txt	10	,	84
swe-x-bible-b2000.txt	9	,	84
swe-x-bible-folk1998.txt	9	,	84
deu-x-bible-elberfelder1871.txt	27	weckte	85
deu-x-bible-elberfelder1905.txt	27	weckte	85
deu-x-bible-freebible.txt	27	weckte	85
deu-x-bible-zuercher.txt	31	weckte	85
deu-x-bible-menge.txt	22	durch	86
deu-x-bible-schlachter.txt	23	durch	86
deu-x-bible-schlachter2000.txt	23	durch	86
eng-x-bible-goodnews.txt	22	by	86
eng-x-bible-easytoread.txt	10	,	87
eng-x-bible-godsword.txt	11	,	87
eng-x-bible-newcentury.txt	10	,	87
eng-x-bible-newliving.txt	11	,	87
nob-x-bible-2007.txt	3	,	88
nor-x-bible-1930.txt	3	,	88
nor-x-bible-student.txt	3	,	88
swe-x-bible-folk1998.txt	3	,	88
deu-x-bible-gruenewalder.txt	24	weckte	89
deu-x-bible-pattloch.txt	24	weckte	89
deu-x-bible-textbibel.txt	25	weckte	89
nld-x-bible-statenvertaling.txt	26	wekte	89
afr-x-bible-1953.txt	29	maak	90
afr-x-bible-1983.txt	30	maak	90
afr-x-bible-lewende.txt	30	maak	90
nld-x-bible-2004.txt	28	maken	90
deu-x-bible-genfer2011.txt	17	den	91
deu-x-bible-greber.txt	14	den	91
deu-x-bible-hoffnung.txt	13	den	91
deu-x-bible-menge.txt	14	den	91
afr-x-bible-1983.txt	24	se	92
afr-x-bible-lewende.txt	26	se	92
afr-x-bible-viralmal.txt	26	se	92
eng-x-bible-livingoracles.txt	19	house	92
nld-x-bible-2004.txt	34	,	93
nob-x-bible-1985.txt	30	,	93
swe-x-bible-b2000.txt	30	,	93
eng-x-bible-godsword.txt	2	,	94
eng-x-bible-newcentury.txt	2	,	94
eng-x-bible-newliving.txt	2	,	94
eng-x-bible-diaglot.txt	17	building	95
eng-x-bible-literal.txt	19	building	95
eng-x-bible-scriptures.txt	17	building	95
deu-x-bible-luther1545.txt	9	daher	96
deu-x-bible-luther1545letztehand.txt	9	daher	96
deu-x-bible-luther1912.txt	9	daher	96
deu-x-bible-luther1545.txt	17	Gemach	97
deu-x-bible-luther1545letztehand.txt	17	Gemach	97
deu-x-bible-luther1912.txt	17	Gemach	97
afr-x-bible-1953.txt	46	afgeval	98
afr-x-bible-1983.txt	49	afgeval	98
afr-x-bible-lewende.txt	48	afgeval	98
eng-x-bible-common.txt	27	the	99
eng-x-bible-kingjames.txt	27	the	99
eng-x-bible-livingoracles.txt	26	the	99
eng-x-bible-newliving.txt	27	the	99
afr-x-bible-1953.txt	16	skyn	100
afr-x-bible-1983.txt	10	skyn	100
afr-x-bible-lewende.txt	15	skyn	100
deu-x-bible-luther1545.txt	14	schien	100
deu-x-bible-luther1545letztehand.txt	14	schein	100
deu-x-bible-luther1912.txt	14	schien	100
eng-x-bible-common.txt	29	raised	101
eng-x-bible-kingjames.txt	31	raised	101
eng-x-bible-literal.txt	27	raised	101
eng-x-bible-scriptures.txt	26	raised	101
isl-x-bible-isl.txt	21	vakti	101
eng-x-bible-amplified.txt	24	was	102
eng-x-bible-easytoread.txt	14	was	102
eng-x-bible-godsword.txt	15	was	102
deu-x-bible-luther1545.txt	26	weckte	103
deu-x-bible-luther1545letztehand.txt	27	wecket	103
deu-x-bible-luther1912.txt	27	weckte	103
deu-x-bible-schlachter.txt	20	weckte	103
nno-x-bible-2011.txt	34	stå	104
nob-x-bible-1985.txt	31	stå	104
nob-x-bible-2007.txt	32	stå	104
nob-x-bible-2011.txt	32	stå	104
nor-x-bible-student.txt	32	statt	104
nob-x-bible-1988.txt	18	støtte	105
swe-x-bible-nyalevande.txt	17	stötte	105
eng-x-bible-newliving.txt	15	of	106
nld-x-bible-2007.txt	14	van	106
deu-x-bible-hoffnung.txt	7	die	107
deu-x-bible-volxbibel.txt	7	die	107
afr-x-bible-1983.txt	33	vir	108
afr-x-bible-viralmal.txt	37	vir	108
dan-x-bible-hverdagsdansk.txt	19	gav	109
deu-x-bible-genfer2011.txt	22	gab	109
deu-x-bible-zuercher.txt	21	gab	109
eng-x-bible-livingoracles.txt	10	presented	109
afr-x-bible-boodskap.txt	36	engel	110
eng-x-bible-easytoread.txt	32	angel	110
eng-x-bible-newcentury.txt	39	angel	110
eng-x-bible-newreaders.txt	34	angel	110
eng-x-bible-common.txt	34	,	111
eng-x-bible-contemporary.txt	32	,	111
eng-x-bible-easytoread.txt	34	,	111
eng-x-bible-common.txt	17	After	112
eng-x-bible-darby.txt	23	having	112
eng-x-bible-diaglot.txt	19	having	112
afr-x-bible-lewende.txt	10	Petrus	113
afr-x-bible-viralmal.txt	10	Petrus	113
deu-x-bible-greber.txt	8	Petrus	113
afr-x-bible-1983.txt	21	toe	114
afr-x-bible-lewende.txt	23	toe	114
deu-x-bible-albrecht.txt	13	der	115
deu-x-bible-konkordant.txt	24	der	115
eng-x-bible-newsimplified.txt	10	shined	116
swe-x-bible-folk1998.txt	12	ljussken	116
nob-x-bible-1985.txt	12	strålte	117
nob-x-bible-2011.txt	13	strålte	117
deu-x-bible-genfer2011.txt	58	trug	118
nor-x-bible-student.txt	41	på	118
