afr-x-bible-1953.txt	19	wil	1
afr-x-bible-boodskap.txt	44	dat	1
dan-x-bible-1931.txt	18	for	1
dan-x-bible-1931.txt	20	at	1
dan-x-bible-frederik.txt	16	for	1
dan-x-bible-frederik.txt	18	at	1
deu-x-bible-albrecht.txt	17	um	1
deu-x-bible-elberfelder1905.txt	21	auf	1
deu-x-bible-elberfelder1905.txt	22	daß	1
deu-x-bible-erben.txt	20	damit	1
deu-x-bible-freebible.txt	21	auf	1
deu-x-bible-freebible.txt	22	dass	1
deu-x-bible-genfer2011.txt	28	um	1
deu-x-bible-greber.txt	22	um	1
deu-x-bible-gruenewalder.txt	20	will	1
deu-x-bible-interlinear.txt	16	damit	1
deu-x-bible-konkordant.txt	28	damit	1
deu-x-bible-luther1545.txt	19	auf	1
deu-x-bible-luther1545.txt	20	daß	1
deu-x-bible-luther1545letztehand.txt	35	das	1
deu-x-bible-luther1545letztehand.txt	38	vmb	1
deu-x-bible-luther1545letztehand.txt	40	willen	1
deu-x-bible-luther1545letztehand.txt	43	vmb	1
deu-x-bible-luther1912.txt	19	auf	1
deu-x-bible-luther1912.txt	20	daß	1
deu-x-bible-meister.txt	18	damit	1
deu-x-bible-menge.txt	23	damit	1
deu-x-bible-neue.txt	19	damit	1
deu-x-bible-pattloch.txt	19	um	1
deu-x-bible-schlachter.txt	18	damit	1
deu-x-bible-schlachter2000.txt	18	damit	1
deu-x-bible-tafelbibel.txt	8	daß	1
deu-x-bible-textbibel.txt	21	damit	1
deu-x-bible-zuercher.txt	18	damit	1
eng-x-bible-darby.txt	19	that	1
eng-x-bible-darby.txt	21	may	1
eng-x-bible-diaglot.txt	19	that	1
eng-x-bible-diaglot.txt	22	may	1
eng-x-bible-easytoread.txt	34	want	1
eng-x-bible-etheridge.txt	25	that	1
eng-x-bible-etheridge.txt	28	may	1
eng-x-bible-godsword.txt	18	want	1
eng-x-bible-goodnews.txt	35	want	1
eng-x-bible-internationalstandard.txt	21	want	1
eng-x-bible-kingjames.txt	18	that	1
eng-x-bible-kingjames.txt	20	may	1
eng-x-bible-lexham.txt	24	order	1
eng-x-bible-literal.txt	17	that	1
eng-x-bible-livingoracles.txt	23	that	1
eng-x-bible-livingoracles.txt	25	may	1
eng-x-bible-majority.txt	18	lest	1
eng-x-bible-newcentury.txt	34	want	1
eng-x-bible-newreaders.txt	17	so	1
eng-x-bible-newreaders.txt	31	want	1
eng-x-bible-newsimplified.txt	20	that	1
isl-x-bible-isl.txt	20	að	1
isl-x-bible-isl.txt	24	að	1
nds-x-bible-nds.txt	19	doamet	1
nld-x-bible-1951.txt	18	om	1
nld-x-bible-2004.txt	21	op	1
nld-x-bible-statenvertaling.txt	17	opdat	1
nob-x-bible-1988.txt	31	på	1
nob-x-bible-2007.txt	25	for	1
nob-x-bible-2007.txt	26	at	1
nob-x-bible-2007.txt	29	skal	1
nor-x-bible-1930.txt	23	at	1
nor-x-bible-1930.txt	26	skal	1
nor-x-bible-student.txt	22	at	1
nor-x-bible-student.txt	25	skal	1
swe-x-bible-folk1998.txt	25	för	1
swe-x-bible-folk1998.txt	26	att	1
swe-x-bible-nyalevande.txt	28	att	1
swg-x-bible-swg.txt	19	dmit	1
afr-x-bible-1953.txt	11	my	2
afr-x-bible-1983.txt	11	my	2
afr-x-bible-boodskap.txt	22	my	2
afr-x-bible-boodskap.txt	27	ek	2
afr-x-bible-boodskap.txt	36	my	2
afr-x-bible-lewende.txt	11	ek	2
afr-x-bible-viralmal.txt	15	my	2
dan-x-bible-1931.txt	12	mig	2
dan-x-bible-frederik.txt	12	mig	2
dan-x-bible-hverdagsdansk.txt	4	mig	2
deu-x-bible-albrecht.txt	9	mich	2
deu-x-bible-elberfelder1871.txt	12	mich	2
deu-x-bible-elberfelder1905.txt	12	mich	2
deu-x-bible-erben.txt	12	mich	2
deu-x-bible-freebible.txt	12	mich	2
deu-x-bible-genfer2011.txt	17	mir	2
deu-x-bible-greber.txt	14	mich	2
deu-x-bible-gruenewalder.txt	10	mich	2
deu-x-bible-hoffnung.txt	11	mich	2
deu-x-bible-interlinear.txt	8	mich	2
deu-x-bible-konkordant.txt	19	mich	2
deu-x-bible-luther1545.txt	12	mich	2
deu-x-bible-luther1545letztehand.txt	18	mich	2
deu-x-bible-luther1912.txt	12	mich	2
deu-x-bible-meister.txt	12	mich	2
deu-x-bible-menge.txt	12	mich	2
deu-x-bible-neue.txt	11	mich	2
deu-x-bible-pattloch.txt	11	mich	2
deu-x-bible-schlachter.txt	11	mich	2
deu-x-bible-schlachter2000.txt	11	mich	2
deu-x-bible-textbibel.txt	12	mich	2
deu-x-bible-volxbibel.txt	3	mich	2
deu-x-bible-zuercher.txt	10	mich	2
eng-x-bible-amplified.txt	29	me	2
eng-x-bible-books.txt	13	me	2
eng-x-bible-clontz.txt	15	me	2
eng-x-bible-common.txt	13	me	2
eng-x-bible-darby.txt	13	me	2
eng-x-bible-diaglot.txt	10	me	2
eng-x-bible-easytoread.txt	11	me	2
eng-x-bible-easytoread.txt	19	I	2
eng-x-bible-etheridge.txt	13	me	2
eng-x-bible-goodnews.txt	16	me	2
eng-x-bible-internationalstandard.txt	11	me	2
eng-x-bible-kingjames.txt	12	me	2
eng-x-bible-lexham.txt	12	me	2
eng-x-bible-literal.txt	11	me	2
eng-x-bible-livingoracles.txt	9	me	2
eng-x-bible-livingoracles.txt	15	me	2
eng-x-bible-majority.txt	12	me	2
eng-x-bible-montgomery.txt	18	I	2
eng-x-bible-new2007.txt	12	me	2
eng-x-bible-newcentury.txt	11	me	2
eng-x-bible-newcentury.txt	19	I	2
eng-x-bible-newinternational.txt	13	me	2
eng-x-bible-newliving.txt	7	I	2
eng-x-bible-newreaders.txt	15	me	2
eng-x-bible-newsimplified.txt	15	me	2
eng-x-bible-scriptures.txt	12	me	2
eng-x-bible-treeoflife.txt	14	me	2
isl-x-bible-isl.txt	17	mig	2
nds-x-bible-nds.txt	9	mie	2
nld-x-bible-1951.txt	12	mij	2
nld-x-bible-2004.txt	6	mij	2
nld-x-bible-2004.txt	16	mij	2
nld-x-bible-2007.txt	19	mij	2
nld-x-bible-statenvertaling.txt	10	mij	2
nno-x-bible-2011.txt	14	meg	2
nob-x-bible-1985.txt	19	meg	2
nob-x-bible-1988.txt	12	meg	2
nob-x-bible-2007.txt	16	meg	2
nob-x-bible-2011.txt	13	meg	2
nor-x-bible-1930.txt	14	mig	2
nor-x-bible-student.txt	12	meg	2
swe-x-bible-b2000.txt	15	mig	2
swe-x-bible-folk1998.txt	13	mig	2
swe-x-bible-nyalevande.txt	9	mig	2
swg-x-bible-swg.txt	11	mich	2
afr-x-bible-1953.txt	13	bedroef	3
afr-x-bible-1983.txt	14	hartseer	3
afr-x-bible-boodskap.txt	31	was	3
afr-x-bible-boodskap.txt	38	omgekrap	3
afr-x-bible-lewende.txt	13	hartseer	3
afr-x-bible-viralmal.txt	16	hartseer	3
afr-x-bible-viralmal.txt	26	hartseer	3
dan-x-bible-1931.txt	11	bedrøvet	3
dan-x-bible-frederik.txt	11	bedrøvet	3
deu-x-bible-elberfelder1871.txt	13	traurig	3
deu-x-bible-elberfelder1905.txt	13	traurig	3
deu-x-bible-erben.txt	13	traurig	3
deu-x-bible-freebible.txt	13	traurig	3
deu-x-bible-genfer2011.txt	15	sehr	3
deu-x-bible-greber.txt	13	sehr	3
deu-x-bible-gruenewalder.txt	13	betrübt	3
deu-x-bible-hoffnung.txt	12	traurig	3
deu-x-bible-interlinear.txt	11	betrübt	3
deu-x-bible-konkordant.txt	20	betrübt	3
deu-x-bible-luther1545.txt	13	betrübet	3
deu-x-bible-luther1545letztehand.txt	22	betrübet	3
deu-x-bible-luther1545letztehand.txt	31	betrübet	3
deu-x-bible-luther1912.txt	13	betrübt	3
deu-x-bible-meister.txt	13	betrübt	3
deu-x-bible-menge.txt	16	betrübt	3
deu-x-bible-neue.txt	12	betrübt	3
deu-x-bible-pattloch.txt	12	betrübt	3
deu-x-bible-schlachter.txt	12	betrübt	3
deu-x-bible-schlachter2000.txt	12	betrübt	3
deu-x-bible-textbibel.txt	13	betrübt	3
deu-x-bible-zuercher.txt	11	betrübt	3
eng-x-bible-amplified.txt	21	pain	3
eng-x-bible-amplified.txt	46	distressed	3
eng-x-bible-books.txt	12	grieved	3
eng-x-bible-books.txt	17	grieved	3
eng-x-bible-common.txt	7	sad	3
eng-x-bible-contemporary.txt	18	feel	3
eng-x-bible-contemporary.txt	19	bad	3
eng-x-bible-darby.txt	10	grieved	3
eng-x-bible-diaglot.txt	13	grieved	3
eng-x-bible-easytoread.txt	24	sadness	3
eng-x-bible-etheridge.txt	12	grieved	3
eng-x-bible-godsword.txt	11	affected	3
eng-x-bible-internationalstandard.txt	13	grief	3
eng-x-bible-kingjames.txt	11	grieved	3
eng-x-bible-lexham.txt	13	sorrow	3
eng-x-bible-literal.txt	10	grieved	3
eng-x-bible-livingoracles.txt	14	grieved	3
eng-x-bible-majority.txt	11	grieved	3
eng-x-bible-montgomery.txt	13	pain	3
eng-x-bible-montgomery.txt	22	pained	3
eng-x-bible-new2007.txt	11	saddened	3
eng-x-bible-newcentury.txt	23	sadness	3
eng-x-bible-newinternational.txt	12	grieved	3
eng-x-bible-newinternational.txt	17	grieved	3
eng-x-bible-newliving.txt	17	hurt	3
eng-x-bible-newreaders.txt	16	sad	3
eng-x-bible-newsimplified.txt	11	sorrow	3
eng-x-bible-scriptures.txt	13	sad	3
eng-x-bible-treeoflife.txt	11	sorrow	3
isl-x-bible-isl.txt	16	hryggt	3
nds-x-bible-nds.txt	12	trüarijch	3
nld-x-bible-1951.txt	13	bedroefd	3
nld-x-bible-2004.txt	17	verdriet	3
nld-x-bible-2007.txt	20	verdriet	3
nld-x-bible-statenvertaling.txt	11	bedroefd	3
nno-x-bible-2011.txt	18	sorgfull	3
nob-x-bible-1985.txt	13	sorg	3
nob-x-bible-2007.txt	20	sorg	3
nob-x-bible-2011.txt	17	sorg	3
nor-x-bible-1930.txt	18	sorg	3
nor-x-bible-student.txt	16	sorg	3
swe-x-bible-b2000.txt	19	bedrövad	3
swe-x-bible-folk1998.txt	16	bedrövat	3
swg-x-bible-swg.txt	12	trurig	3
afr-x-bible-1953.txt	20	nie	4
afr-x-bible-1953.txt	22	nie	4
afr-x-bible-1983.txt	26	nie	4
afr-x-bible-1983.txt	29	nie	4
afr-x-bible-boodskap.txt	39	nie	4
afr-x-bible-boodskap.txt	54	minste	4
afr-x-bible-boodskap.txt	61	moenie	4
afr-x-bible-lewende.txt	15	nie	4
dan-x-bible-1931.txt	19	ikke	4
dan-x-bible-frederik.txt	17	ikke	4
dan-x-bible-hverdagsdansk.txt	26	ikke	4
deu-x-bible-albrecht.txt	18	nicht	4
deu-x-bible-elberfelder1905.txt	24	nicht	4
deu-x-bible-erben.txt	22	nicht	4
deu-x-bible-freebible.txt	24	nicht	4
deu-x-bible-genfer2011.txt	29	nicht	4
deu-x-bible-genfer2011.txt	35	nicht	4
deu-x-bible-greber.txt	23	nicht	4
deu-x-bible-gruenewalder.txt	21	nicht	4
deu-x-bible-hoffnung.txt	25	nicht	4
deu-x-bible-interlinear.txt	17	nicht	4
deu-x-bible-konkordant.txt	33	nicht	4
deu-x-bible-luther1545.txt	22	nicht	4
deu-x-bible-luther1545letztehand.txt	37	nicht	4
deu-x-bible-luther1545letztehand.txt	57	nicht	4
deu-x-bible-luther1912.txt	22	nicht	4
deu-x-bible-meister.txt	20	nicht	4
deu-x-bible-menge.txt	26	nicht	4
deu-x-bible-neue.txt	21	nicht	4
deu-x-bible-pattloch.txt	20	nicht	4
deu-x-bible-schlachter.txt	20	nicht	4
deu-x-bible-schlachter2000.txt	20	nicht	4
deu-x-bible-textbibel.txt	23	nicht	4
deu-x-bible-volxbibel.txt	24	nicht	4
deu-x-bible-zuercher.txt	20	nicht	4
eng-x-bible-amplified.txt	36	not	4
eng-x-bible-books.txt	25	not	4
eng-x-bible-clontz.txt	22	not	4
eng-x-bible-common.txt	22	not	4
eng-x-bible-darby.txt	22	not	4
eng-x-bible-diaglot.txt	20	not	4
eng-x-bible-easytoread.txt	33	don’t	4
eng-x-bible-etheridge.txt	29	not	4
eng-x-bible-godsword.txt	17	don’t	4
eng-x-bible-goodnews.txt	34	not	4
eng-x-bible-internationalstandard.txt	20	don't	4
eng-x-bible-kingjames.txt	21	not	4
eng-x-bible-lexham.txt	25	not	4
eng-x-bible-literal.txt	19	not	4
eng-x-bible-livingoracles.txt	26	not	4
eng-x-bible-montgomery.txt	35	not	4
eng-x-bible-new2007.txt	20	not	4
eng-x-bible-newcentury.txt	33	not	4
eng-x-bible-newinternational.txt	25	not	4
eng-x-bible-newreaders.txt	30	don't	4
eng-x-bible-newsimplified.txt	23	not	4
eng-x-bible-scriptures.txt	22	not	4
eng-x-bible-treeoflife.txt	21	not	4
eng-x-bible-worldwide.txt	12	did	4
isl-x-bible-isl.txt	27	ekki	4
nds-x-bible-nds.txt	25	nijch	4
nld-x-bible-1951.txt	20	niet	4
nld-x-bible-2004.txt	27	niet	4
nld-x-bible-statenvertaling.txt	20	niet	4
nno-x-bible-2011.txt	31	ikkje	4
nob-x-bible-1985.txt	33	ikke	4
nob-x-bible-1988.txt	37	ingen	4
nob-x-bible-2007.txt	28	ikke	4
nob-x-bible-2011.txt	30	ikke	4
nor-x-bible-1930.txt	25	ikke	4
nor-x-bible-student.txt	24	ikkje	4
swe-x-bible-b2000.txt	31	inte	4
swe-x-bible-folk1998.txt	27	inte	4
swe-x-bible-nyalevande.txt	34	ingen	4
swg-x-bible-swg.txt	21	nit	4
afr-x-bible-1953.txt	3	iemand	5
afr-x-bible-1983.txt	2	iemand	5
afr-x-bible-lewende.txt	2	iemand	5
dan-x-bible-1931.txt	3	nogen	5
dan-x-bible-frederik.txt	3	Nogen	5
deu-x-bible-albrecht.txt	2	jemand	5
deu-x-bible-elberfelder1871.txt	3	jemand	5
deu-x-bible-elberfelder1905.txt	3	jemand	5
deu-x-bible-erben.txt	3	jemand	5
deu-x-bible-freebible.txt	3	jemand	5
deu-x-bible-gruenewalder.txt	2	einer	5
deu-x-bible-hoffnung.txt	1	Wer	5
deu-x-bible-interlinear.txt	3	jemand	5
deu-x-bible-konkordant.txt	3	jemand	5
deu-x-bible-luther1545.txt	3	jemand	5
deu-x-bible-luther1545letztehand.txt	3	jemand	5
deu-x-bible-luther1912.txt	3	jemand	5
deu-x-bible-meister.txt	3	jemand	5
deu-x-bible-menge.txt	3	jemand	5
deu-x-bible-neue.txt	2	jemand	5
deu-x-bible-pattloch.txt	3	einer	5
deu-x-bible-schlachter.txt	3	jemand	5
deu-x-bible-schlachter2000.txt	3	jemand	5
deu-x-bible-zuercher.txt	3	jemand	5
eng-x-bible-amplified.txt	3	someone	5
eng-x-bible-books.txt	2	anyone	5
eng-x-bible-clontz.txt	3	any	5
eng-x-bible-common.txt	3	someone	5
eng-x-bible-common.txt	6	anyone	5
eng-x-bible-contemporary.txt	17	someone	5
eng-x-bible-darby.txt	3	any	5
eng-x-bible-diaglot.txt	3	any	5
eng-x-bible-easytoread.txt	1	Someone	5
eng-x-bible-easytoread.txt	4	group	5
eng-x-bible-etheridge.txt	3	any	5
eng-x-bible-godsword.txt	2	someone	5
eng-x-bible-goodnews.txt	4	anyone	5
eng-x-bible-internationalstandard.txt	3	anyone	5
eng-x-bible-kingjames.txt	3	any	5
eng-x-bible-lexham.txt	3	anyone	5
eng-x-bible-literal.txt	3	anyone	5
eng-x-bible-livingoracles.txt	6	person	5
eng-x-bible-majority.txt	3	anyone	5
eng-x-bible-new2007.txt	3	anyone	5
eng-x-bible-newcentury.txt	1	Someone	5
eng-x-bible-newinternational.txt	2	anyone	5
eng-x-bible-newreaders.txt	2	someone	5
eng-x-bible-newsimplified.txt	3	any	5
eng-x-bible-scriptures.txt	3	anyone	5
eng-x-bible-treeoflife.txt	3	anyone	5
eng-x-bible-worldwide.txt	2	man	5
isl-x-bible-isl.txt	3	nokkur	5
nds-x-bible-nds.txt	3	wäa	5
nld-x-bible-1951.txt	3	iemand	5
nld-x-bible-2004.txt	3	iemand	5
nld-x-bible-statenvertaling.txt	3	iemand	5
nno-x-bible-2011.txt	3	nokon	5
nob-x-bible-1988.txt	1	Den	5
nob-x-bible-2007.txt	4	noen	5
nob-x-bible-2011.txt	3	noen	5
nor-x-bible-1930.txt	4	nogen	5
nor-x-bible-student.txt	3	nokon	5
swe-x-bible-b2000.txt	5	någon	5
swe-x-bible-nyalevande.txt	1	Den	5
swg-x-bible-swg.txt	3	jemads	5
afr-x-bible-1953.txt	28	almal	6
afr-x-bible-1983.txt	21	almal	6
afr-x-bible-boodskap.txt	47	almal	6
afr-x-bible-lewende.txt	19	almal	6
afr-x-bible-viralmal.txt	25	almal	6
afr-x-bible-viralmal.txt	39	almal	6
dan-x-bible-1931.txt	26	alle	6
dan-x-bible-frederik.txt	24	alle	6
dan-x-bible-hverdagsdansk.txt	20	alle	6
deu-x-bible-albrecht.txt	24	alle	6
deu-x-bible-elberfelder1871.txt	21	alle	6
deu-x-bible-elberfelder1905.txt	28	alle	6
deu-x-bible-erben.txt	24	alle	6
deu-x-bible-freebible.txt	28	alle	6
deu-x-bible-genfer2011.txt	23	allen	6
deu-x-bible-genfer2011.txt	36	allen	6
deu-x-bible-greber.txt	27	ganze	6
deu-x-bible-gruenewalder.txt	25	alle	6
deu-x-bible-hoffnung.txt	17	alle	6
deu-x-bible-hoffnung.txt	22	alle	6
deu-x-bible-interlinear.txt	21	alle	6
deu-x-bible-konkordant.txt	37	alle	6
deu-x-bible-luther1545.txt	24	alle	6
deu-x-bible-luther1545letztehand.txt	59	alle	6
deu-x-bible-luther1912.txt	28	alle	6
deu-x-bible-meister.txt	24	alle	6
deu-x-bible-menge.txt	32	alle	6
deu-x-bible-neue.txt	27	alle	6
deu-x-bible-pattloch.txt	27	alle	6
deu-x-bible-schlachter.txt	26	alle	6
deu-x-bible-schlachter2000.txt	26	alle	6
deu-x-bible-volxbibel.txt	29	allem	6
deu-x-bible-zuercher.txt	25	alle	6
eng-x-bible-amplified.txt	48	all	6
eng-x-bible-books.txt	18	all	6
eng-x-bible-clontz.txt	30	all	6
eng-x-bible-common.txt	15	all	6
eng-x-bible-darby.txt	28	all	6
eng-x-bible-diaglot.txt	27	all	6
eng-x-bible-easytoread.txt	26	all	6
eng-x-bible-etheridge.txt	23	all	6
eng-x-bible-godsword.txt	26	all	6
eng-x-bible-goodnews.txt	19	all	6
eng-x-bible-internationalstandard.txt	31	all	6
eng-x-bible-kingjames.txt	24	all	6
eng-x-bible-lexham.txt	33	all	6
eng-x-bible-literal.txt	21	all	6
eng-x-bible-livingoracles.txt	32	all	6
eng-x-bible-majority.txt	22	all	6
eng-x-bible-montgomery.txt	25	all	6
eng-x-bible-new2007.txt	27	all	6
eng-x-bible-newcentury.txt	25	all	6
eng-x-bible-newinternational.txt	18	all	6
eng-x-bible-newliving.txt	14	all	6
eng-x-bible-newliving.txt	18	all	6
eng-x-bible-newreaders.txt	23	all	6
eng-x-bible-newsimplified.txt	28	all	6
eng-x-bible-scriptures.txt	20	all	6
eng-x-bible-treeoflife.txt	26	all	6
isl-x-bible-isl.txt	35	alla	6
nds-x-bible-nds.txt	23	aula	6
nld-x-bible-1951.txt	28	allen	6
nld-x-bible-2004.txt	31	allen	6
nld-x-bible-statenvertaling.txt	24	allen	6
nno-x-bible-2011.txt	22	alle	6
nob-x-bible-1985.txt	26	alle	6
nob-x-bible-1988.txt	18	alle	6
nob-x-bible-2007.txt	35	alle	6
nob-x-bible-2011.txt	21	alle	6
nor-x-bible-1930.txt	32	alle	6
nor-x-bible-student.txt	31	alle	6
swe-x-bible-b2000.txt	21	alla	6
swe-x-bible-folk1998.txt	20	alla	6
swe-x-bible-nyalevande.txt	17	alla	6
swg-x-bible-swg.txt	27	alli	6
afr-x-bible-1953.txt	12	nie	7
afr-x-bible-1953.txt	14	nie	7
afr-x-bible-1983.txt	9	nie	7
afr-x-bible-1983.txt	16	nie	7
afr-x-bible-lewende.txt	9	nie	7
afr-x-bible-viralmal.txt	12	nie	7
afr-x-bible-viralmal.txt	18	nie	7
dan-x-bible-1931.txt	10	ikke	7
dan-x-bible-frederik.txt	10	ikke	7
dan-x-bible-hverdagsdansk.txt	3	ikke	7
deu-x-bible-albrecht.txt	8	nicht	7
deu-x-bible-elberfelder1871.txt	11	nicht	7
deu-x-bible-elberfelder1905.txt	11	nicht	7
deu-x-bible-erben.txt	11	nicht	7
deu-x-bible-freebible.txt	11	nicht	7
deu-x-bible-genfer2011.txt	12	nicht	7
deu-x-bible-greber.txt	11	nicht	7
deu-x-bible-gruenewalder.txt	12	nicht	7
deu-x-bible-hoffnung.txt	9	nicht	7
deu-x-bible-interlinear.txt	7	nicht	7
deu-x-bible-konkordant.txt	15	nicht	7
deu-x-bible-luther1545.txt	11	nicht	7
deu-x-bible-luther1545letztehand.txt	11	nicht	7
deu-x-bible-luther1545letztehand.txt	19	nicht	7
deu-x-bible-luther1912.txt	11	nicht	7
deu-x-bible-meister.txt	11	nicht	7
deu-x-bible-menge.txt	11	nicht	7
deu-x-bible-neue.txt	10	nicht	7
deu-x-bible-pattloch.txt	10	nicht	7
deu-x-bible-schlachter.txt	10	nicht	7
deu-x-bible-schlachter2000.txt	10	nicht	7
deu-x-bible-textbibel.txt	11	nicht	7
deu-x-bible-volxbibel.txt	5	nicht	7
deu-x-bible-zuercher.txt	9	nicht	7
eng-x-bible-amplified.txt	27	not	7
eng-x-bible-books.txt	9	not	7
eng-x-bible-clontz.txt	13	not	7
eng-x-bible-common.txt	11	hasn’t	7
eng-x-bible-darby.txt	12	not	7
eng-x-bible-diaglot.txt	9	not	7
eng-x-bible-easytoread.txt	9	not	7
eng-x-bible-etheridge.txt	11	not	7
eng-x-bible-godsword.txt	7	not	7
eng-x-bible-goodnews.txt	12	not	7
eng-x-bible-internationalstandard.txt	9	didn't	7
eng-x-bible-internationalstandard.txt	12	any	7
eng-x-bible-kingjames.txt	10	not	7
eng-x-bible-lexham.txt	10	not	7
eng-x-bible-literal.txt	9	not	7
eng-x-bible-livingoracles.txt	13	not	7
eng-x-bible-majority.txt	10	not	7
eng-x-bible-montgomery.txt	17	not	7
eng-x-bible-new2007.txt	10	not	7
eng-x-bible-newcentury.txt	9	not	7
eng-x-bible-newinternational.txt	9	not	7
eng-x-bible-newliving.txt	3	not	7
eng-x-bible-newsimplified.txt	13	not	7
eng-x-bible-scriptures.txt	10	not	7
eng-x-bible-treeoflife.txt	12	not	7
isl-x-bible-isl.txt	15	ekki	7
nds-x-bible-nds.txt	8	nijch	7
nld-x-bible-1951.txt	11	niet	7
nld-x-bible-2004.txt	14	niet	7
nld-x-bible-2007.txt	17	niet	7
nld-x-bible-statenvertaling.txt	9	niet	7
nno-x-bible-2011.txt	13	ikkje	7
nob-x-bible-1985.txt	18	ikke	7
nob-x-bible-1988.txt	8	ikke	7
nob-x-bible-2007.txt	15	ikke	7
nob-x-bible-2011.txt	12	ikke	7
nor-x-bible-1930.txt	13	ikke	7
nor-x-bible-student.txt	11	ikkje	7
swe-x-bible-b2000.txt	14	inte	7
swe-x-bible-folk1998.txt	12	inte	7
swe-x-bible-nyalevande.txt	7	inte	7
swg-x-bible-swg.txt	10	nit	7
afr-x-bible-1953.txt	29	.	8
afr-x-bible-1983.txt	37	.	8
afr-x-bible-boodskap.txt	66	.	8
afr-x-bible-lewende.txt	27	.	8
afr-x-bible-viralmal.txt	42	.	8
dan-x-bible-1931.txt	27	.	8
dan-x-bible-frederik.txt	25	.	8
deu-x-bible-albrecht.txt	25	.	8
deu-x-bible-elberfelder1871.txt	22	.	8
deu-x-bible-elberfelder1905.txt	29	.	8
deu-x-bible-erben.txt	27	.	8
deu-x-bible-freebible.txt	29	.	8
deu-x-bible-genfer2011.txt	41	.	8
deu-x-bible-greber.txt	29	.	8
deu-x-bible-gruenewalder.txt	26	.	8
deu-x-bible-hoffnung.txt	28	.	8
deu-x-bible-interlinear.txt	23	.	8
deu-x-bible-konkordant.txt	38	.	8
deu-x-bible-luther1545.txt	26	.	8
deu-x-bible-luther1545letztehand.txt	61	.	8
deu-x-bible-luther1912.txt	29	.	8
deu-x-bible-meister.txt	25	!	8
deu-x-bible-menge.txt	33	.	8
deu-x-bible-neue.txt	28	.	8
deu-x-bible-pattloch.txt	28	.	8
deu-x-bible-schlachter.txt	27	.	8
deu-x-bible-schlachter2000.txt	27	.	8
deu-x-bible-tafelbibel.txt	17	;	8
deu-x-bible-textbibel.txt	31	.	8
deu-x-bible-volxbibel.txt	32	!	8
deu-x-bible-zuercher.txt	26	.	8
eng-x-bible-amplified.txt	51	.	8
eng-x-bible-books.txt	31	.	8
eng-x-bible-clontz.txt	33	.	8
eng-x-bible-common.txt	26	.	8
eng-x-bible-contemporary.txt	41	.	8
eng-x-bible-darby.txt	31	.	8
eng-x-bible-diaglot.txt	29	.	8
eng-x-bible-easytoread.txt	44	.	8
eng-x-bible-etheridge.txt	33	.	8
eng-x-bible-godsword.txt	29	.	8
eng-x-bible-goodnews.txt	42	.	8
eng-x-bible-internationalstandard.txt	34	.	8
eng-x-bible-kingjames.txt	25	.	8
eng-x-bible-lexham.txt	36	.	8
eng-x-bible-literal.txt	24	.	8
eng-x-bible-livingoracles.txt	33	.	8
eng-x-bible-majority.txt	23	.	8
eng-x-bible-montgomery.txt	41	.	8
eng-x-bible-new2007.txt	32	.	8
eng-x-bible-newcentury.txt	44	.	8
eng-x-bible-newinternational.txt	31	.	8
eng-x-bible-newliving.txt	26	.	8
eng-x-bible-newreaders.txt	37	.	8
eng-x-bible-newsimplified.txt	29	.	8
eng-x-bible-scriptures.txt	27	.	8
eng-x-bible-treeoflife.txt	29	.	8
eng-x-bible-worldwide.txt	15	.	8
isl-x-bible-isl.txt	36	.	8
nds-x-bible-nds.txt	30	.	8
nld-x-bible-1951.txt	29	.	8
nld-x-bible-2004.txt	32	.	8
nld-x-bible-2007.txt	35	.	8
nld-x-bible-statenvertaling.txt	25	.	8
nno-x-bible-2011.txt	34	.	8
nob-x-bible-1985.txt	38	.	8
nob-x-bible-2007.txt	36	.	8
nob-x-bible-2011.txt	33	.	8
nor-x-bible-1930.txt	33	.	8
nor-x-bible-student.txt	32	.	8
swe-x-bible-b2000.txt	33	.	8
swe-x-bible-folk1998.txt	31	.	8
swg-x-bible-swg.txt	28	.	8
afr-x-bible-1953.txt	9	het	9
dan-x-bible-1931.txt	8	har	9
dan-x-bible-frederik.txt	8	har	9
dan-x-bible-hverdagsdansk.txt	9	har	9
deu-x-bible-albrecht.txt	7	hat	9
deu-x-bible-elberfelder1871.txt	6	hat	9
deu-x-bible-elberfelder1871.txt	9	hat	9
deu-x-bible-elberfelder1905.txt	9	hat	9
deu-x-bible-erben.txt	9	hat	9
deu-x-bible-freebible.txt	9	hat	9
deu-x-bible-genfer2011.txt	11	hat	9
deu-x-bible-gruenewalder.txt	8	hat	9
deu-x-bible-hoffnung.txt	8	hat	9
deu-x-bible-interlinear.txt	9	hat	9
deu-x-bible-konkordant.txt	13	hat	9
deu-x-bible-luther1545.txt	10	hat	9
deu-x-bible-luther1545letztehand.txt	17	hat	9
deu-x-bible-luther1545letztehand.txt	36	ist	9
deu-x-bible-luther1912.txt	10	hat	9
deu-x-bible-meister.txt	9	hat	9
deu-x-bible-menge.txt	9	hat	9
deu-x-bible-neue.txt	8	hat	9
deu-x-bible-pattloch.txt	8	hat	9
deu-x-bible-schlachter.txt	8	hat	9
deu-x-bible-schlachter2000.txt	8	hat	9
deu-x-bible-textbibel.txt	9	hat	9
deu-x-bible-zuercher.txt	7	hat	9
eng-x-bible-amplified.txt	24	has	9
eng-x-bible-books.txt	8	has	9
eng-x-bible-books.txt	16	has	9
eng-x-bible-clontz.txt	10	has	9
eng-x-bible-contemporary.txt	15	has	9
eng-x-bible-darby.txt	9	has	9
eng-x-bible-diaglot.txt	12	has	9
eng-x-bible-easytoread.txt	22	has	9
eng-x-bible-etheridge.txt	10	hath	9
eng-x-bible-goodnews.txt	11	has	9
eng-x-bible-kingjames.txt	9	hath	9
eng-x-bible-lexham.txt	9	has	9
eng-x-bible-literal.txt	8	has	9
eng-x-bible-livingoracles.txt	12	has	9
eng-x-bible-majority.txt	9	has	9
eng-x-bible-montgomery.txt	21	has	9
eng-x-bible-new2007.txt	9	has	9
eng-x-bible-newinternational.txt	8	has	9
eng-x-bible-newinternational.txt	16	has	9
eng-x-bible-newliving.txt	8	say	9
eng-x-bible-newreaders.txt	13	hasn't	9
eng-x-bible-newreaders.txt	21	has	9
eng-x-bible-newsimplified.txt	9	has	9
eng-x-bible-scriptures.txt	9	has	9
eng-x-bible-treeoflife.txt	9	has	9
isl-x-bible-isl.txt	13	hefur	9
nds-x-bible-nds.txt	10	haft	9
nld-x-bible-1951.txt	9	heeft	9
nld-x-bible-2004.txt	12	heeft	9
nld-x-bible-2007.txt	21	heeft	9
nld-x-bible-statenvertaling.txt	8	heeft	9
nno-x-bible-2011.txt	16	har	9
nob-x-bible-1985.txt	21	har	9
nob-x-bible-1988.txt	24	har	9
nob-x-bible-2007.txt	18	har	9
nob-x-bible-2011.txt	15	har	9
nor-x-bible-1930.txt	16	har	9
nor-x-bible-student.txt	14	hev	9
swe-x-bible-b2000.txt	17	har	9
swe-x-bible-folk1998.txt	15	har	9
swe-x-bible-nyalevande.txt	23	har	9
swg-x-bible-swg.txt	9	het	9
afr-x-bible-1953.txt	6	het	10
afr-x-bible-1983.txt	5	het	10
afr-x-bible-lewende.txt	5	het	10
afr-x-bible-viralmal.txt	9	het	10
dan-x-bible-1931.txt	4	har	10
dan-x-bible-frederik.txt	4	har	10
deu-x-bible-elberfelder1905.txt	6	hat	10
deu-x-bible-erben.txt	6	hat	10
deu-x-bible-freebible.txt	6	hat	10
deu-x-bible-genfer2011.txt	9	hat	10
deu-x-bible-hoffnung.txt	5	hat	10
deu-x-bible-interlinear.txt	5	hat	10
deu-x-bible-konkordant.txt	8	hat	10
deu-x-bible-luther1545.txt	6	hat	10
deu-x-bible-luther1545letztehand.txt	6	hat	10
deu-x-bible-luther1545letztehand.txt	10	hat	10
deu-x-bible-luther1912.txt	6	hat	10
deu-x-bible-meister.txt	6	hat	10
deu-x-bible-menge.txt	6	hat	10
deu-x-bible-neue.txt	5	hat	10
eng-x-bible-amplified.txt	13	has	10
eng-x-bible-books.txt	3	has	10
eng-x-bible-clontz.txt	5	has	10
eng-x-bible-common.txt	4	has	10
eng-x-bible-darby.txt	5	has	10
eng-x-bible-diaglot.txt	5	has	10
eng-x-bible-easytoread.txt	5	has	10
eng-x-bible-easytoread.txt	6	caused	10
eng-x-bible-etheridge.txt	5	hath	10
eng-x-bible-goodnews.txt	5	has	10
eng-x-bible-internationalstandard.txt	4	has	10
eng-x-bible-kingjames.txt	4	have	10
eng-x-bible-lexham.txt	4	has	10
eng-x-bible-literal.txt	4	has	10
eng-x-bible-livingoracles.txt	7	has	10
eng-x-bible-majority.txt	4	has	10
eng-x-bible-montgomery.txt	5	has	10
eng-x-bible-new2007.txt	4	has	10
eng-x-bible-newcentury.txt	5	has	10
eng-x-bible-newinternational.txt	3	has	10
eng-x-bible-newreaders.txt	3	has	10
eng-x-bible-newsimplified.txt	4	has	10
eng-x-bible-scriptures.txt	4	has	10
eng-x-bible-treeoflife.txt	4	has	10
eng-x-bible-worldwide.txt	3	has	10
isl-x-bible-isl.txt	4	hefur	10
nds-x-bible-nds.txt	6	haft	10
nld-x-bible-1951.txt	6	heeft	10
nld-x-bible-2004.txt	8	heeft	10
nld-x-bible-statenvertaling.txt	5	heeft	10
nno-x-bible-2011.txt	4	har	10
nno-x-bible-2011.txt	5	gjeve	10
nob-x-bible-1985.txt	9	har	10
nob-x-bible-1988.txt	7	har	10
nob-x-bible-2007.txt	6	har	10
nob-x-bible-2011.txt	4	har	10
nob-x-bible-2011.txt	5	gitt	10
nor-x-bible-1930.txt	6	har	10
nor-x-bible-student.txt	4	hev	10
swe-x-bible-b2000.txt	7	har	10
swe-x-bible-folk1998.txt	5	har	10
swe-x-bible-nyalevande.txt	6	har	10
swg-x-bible-swg.txt	6	het	10
afr-x-bible-1953.txt	16	maar	11
afr-x-bible-1983.txt	18	maar	11
afr-x-bible-boodskap.txt	37	nie	11
afr-x-bible-boodskap.txt	43	egter	11
afr-x-bible-lewende.txt	17	maar	11
afr-x-bible-viralmal.txt	13	regtig	11
afr-x-bible-viralmal.txt	29	Nee	11
dan-x-bible-1931.txt	14	men	11
dan-x-bible-frederik.txt	14	men	11
dan-x-bible-hverdagsdansk.txt	14	men	11
deu-x-bible-albrecht.txt	12	sondern	11
deu-x-bible-elberfelder1871.txt	16	sondern	11
deu-x-bible-elberfelder1905.txt	16	sondern	11
deu-x-bible-freebible.txt	16	sondern	11
deu-x-bible-genfer2011.txt	21	vielmehr	11
deu-x-bible-gruenewalder.txt	11	zwar	11
deu-x-bible-gruenewalder.txt	15	jedoch	11
deu-x-bible-hoffnung.txt	15	sondern	11
deu-x-bible-interlinear.txt	13	sondern	11
deu-x-bible-konkordant.txt	22	sondern	11
deu-x-bible-luther1545letztehand.txt	42	sondern	11
deu-x-bible-luther1912.txt	15	sondern	11
deu-x-bible-meister.txt	15	sondern	11
deu-x-bible-menge.txt	18	sondern	11
deu-x-bible-neue.txt	14	sondern	11
deu-x-bible-pattloch.txt	14	sondern	11
deu-x-bible-schlachter.txt	14	sondern	11
deu-x-bible-schlachter2000.txt	14	sondern	11
deu-x-bible-textbibel.txt	15	sondern	11
deu-x-bible-volxbibel.txt	12	aber	11
deu-x-bible-volxbibel.txt	27	sondern	11
deu-x-bible-zuercher.txt	13	sondern	11
eng-x-bible-amplified.txt	31	but	11
eng-x-bible-clontz.txt	17	but	11
eng-x-bible-common.txt	14	but	11
eng-x-bible-contemporary.txt	23	not	11
eng-x-bible-contemporary.txt	24	really	11
eng-x-bible-darby.txt	15	but	11
eng-x-bible-diaglot.txt	15	but	11
eng-x-bible-easytoread.txt	13	but	11
eng-x-bible-etheridge.txt	18	but	11
eng-x-bible-goodnews.txt	17	but	11
eng-x-bible-kingjames.txt	14	but	11
eng-x-bible-lexham.txt	15	but	11
eng-x-bible-literal.txt	13	but	11
eng-x-bible-majority.txt	14	but	11
eng-x-bible-montgomery.txt	24	but	11
eng-x-bible-new2007.txt	15	but	11
eng-x-bible-newcentury.txt	13	but	11
eng-x-bible-newreaders.txt	28	But	11
eng-x-bible-newsimplified.txt	17	but	11
eng-x-bible-scriptures.txt	15	but	11
eng-x-bible-treeoflife.txt	16	but	11
isl-x-bible-isl.txt	19	heldur	11
nds-x-bible-nds.txt	15	sonda	11
nld-x-bible-1951.txt	15	maar	11
nld-x-bible-2004.txt	19	maar	11
nld-x-bible-statenvertaling.txt	13	maar	11
nno-x-bible-2011.txt	20	men	11
nob-x-bible-1985.txt	24	men	11
nob-x-bible-1988.txt	14	Nei	11
nob-x-bible-2007.txt	22	men	11
nob-x-bible-2011.txt	19	men	11
nor-x-bible-1930.txt	20	men	11
nor-x-bible-student.txt	18	men	11
swe-x-bible-b2000.txt	20	utan	11
swe-x-bible-folk1998.txt	18	utan	11
swe-x-bible-nyalevande.txt	13	Nej	11
swg-x-bible-swg.txt	15	sundern	11
afr-x-bible-1953.txt	2	as	12
afr-x-bible-1983.txt	1	As	12
afr-x-bible-boodskap.txt	2	moet	12
afr-x-bible-boodskap.txt	7	oor	12
afr-x-bible-lewende.txt	1	As	12
dan-x-bible-1931.txt	2	dersom	12
dan-x-bible-frederik.txt	2	dersom	12
deu-x-bible-albrecht.txt	1	Hat	12
deu-x-bible-elberfelder1871.txt	1	Wenn	12
deu-x-bible-elberfelder1905.txt	1	Wenn	12
deu-x-bible-erben.txt	1	So	12
deu-x-bible-freebible.txt	1	Wenn	12
deu-x-bible-greber.txt	1	Hat	12
deu-x-bible-gruenewalder.txt	1	Hat	12
deu-x-bible-interlinear.txt	1	Wenn	12
deu-x-bible-konkordant.txt	1	Wenn	12
deu-x-bible-luther1545.txt	1	So	12
deu-x-bible-luther1545letztehand.txt	1	SO	12
deu-x-bible-luther1912.txt	1	So	12
deu-x-bible-meister.txt	1	Wenn	12
deu-x-bible-menge.txt	1	Wenn	12
deu-x-bible-neue.txt	1	Wenn	12
deu-x-bible-pattloch.txt	1	Wenn	12
deu-x-bible-schlachter.txt	1	Hat	12
deu-x-bible-schlachter2000.txt	1	Hat	12
deu-x-bible-textbibel.txt	1	Hat	12
eng-x-bible-amplified.txt	2	if	12
eng-x-bible-books.txt	1	If	12
eng-x-bible-clontz.txt	2	if	12
eng-x-bible-common.txt	2	if	12
eng-x-bible-contemporary.txt	2	don't	12
eng-x-bible-contemporary.txt	11	if	12
eng-x-bible-darby.txt	2	if	12
eng-x-bible-diaglot.txt	1	If	12
eng-x-bible-etheridge.txt	2	if	12
eng-x-bible-godsword.txt	1	If	12
eng-x-bible-goodnews.txt	3	if	12
eng-x-bible-internationalstandard.txt	2	if	12
eng-x-bible-kingjames.txt	2	if	12
eng-x-bible-lexham.txt	2	if	12
eng-x-bible-literal.txt	2	if	12
eng-x-bible-livingoracles.txt	3	if	12
eng-x-bible-majority.txt	2	if	12
eng-x-bible-new2007.txt	2	if	12
eng-x-bible-newinternational.txt	1	If	12
eng-x-bible-newreaders.txt	1	Suppose	12
eng-x-bible-newsimplified.txt	2	if	12
eng-x-bible-scriptures.txt	2	if	12
eng-x-bible-treeoflife.txt	2	if	12
isl-x-bible-isl.txt	2	ef	12
nds-x-bible-nds.txt	2	wann	12
nld-x-bible-1951.txt	2	indien	12
nld-x-bible-2004.txt	1	Als	12
nld-x-bible-2007.txt	2	goed	12
nld-x-bible-2007.txt	6	over	12
nld-x-bible-statenvertaling.txt	2	indien	12
nno-x-bible-2011.txt	2	om	12
nob-x-bible-1985.txt	3	sant	12
nob-x-bible-1988.txt	5	om	12
nob-x-bible-2011.txt	2	om	12
nor-x-bible-student.txt	2	um	12
swe-x-bible-b2000.txt	1	Om	12
swe-x-bible-folk1998.txt	1	Om	12
swe-x-bible-nyalevande.txt	5	om	12
swg-x-bible-swg.txt	1	Wenn	12
afr-x-bible-1953.txt	27	julle	13
afr-x-bible-1983.txt	36	julle	13
afr-x-bible-boodskap.txt	58	julle	13
afr-x-bible-boodskap.txt	62	julle	13
afr-x-bible-boodskap.txt	64	bekommer	13
afr-x-bible-lewende.txt	26	julle	13
dan-x-bible-1931.txt	25	eder	13
dan-x-bible-frederik.txt	23	Eder	13
deu-x-bible-albrecht.txt	23	euch	13
deu-x-bible-elberfelder1871.txt	20	euch	13
deu-x-bible-elberfelder1905.txt	27	euch	13
deu-x-bible-erben.txt	23	euch	13
deu-x-bible-freebible.txt	27	euch	13
deu-x-bible-greber.txt	26	eure	13
deu-x-bible-gruenewalder.txt	24	euch	13
deu-x-bible-interlinear.txt	22	euch	13
deu-x-bible-konkordant.txt	36	euch	13
deu-x-bible-luther1545.txt	23	euch	13
deu-x-bible-luther1545letztehand.txt	58	euch	13
deu-x-bible-luther1912.txt	27	euch	13
deu-x-bible-meister.txt	23	euch	13
deu-x-bible-menge.txt	31	euch	13
deu-x-bible-neue.txt	26	euch	13
deu-x-bible-pattloch.txt	26	euch	13
deu-x-bible-schlachter.txt	25	euch	13
deu-x-bible-schlachter2000.txt	25	euch	13
deu-x-bible-volxbibel.txt	30	euch	13
deu-x-bible-zuercher.txt	24	euch	13
eng-x-bible-amplified.txt	50	you	13
eng-x-bible-clontz.txt	32	you	13
eng-x-bible-contemporary.txt	37	you	13
eng-x-bible-darby.txt	30	you	13
eng-x-bible-diaglot.txt	28	you	13
eng-x-bible-etheridge.txt	32	you	13
eng-x-bible-godsword.txt	28	you	13
eng-x-bible-internationalstandard.txt	33	you	13
eng-x-bible-kingjames.txt	23	you	13
eng-x-bible-lexham.txt	35	you	13
eng-x-bible-literal.txt	23	you	13
eng-x-bible-livingoracles.txt	31	you	13
eng-x-bible-majority.txt	21	you	13
eng-x-bible-montgomery.txt	33	you	13
eng-x-bible-new2007.txt	29	you	13
eng-x-bible-newliving.txt	20	you	13
eng-x-bible-newsimplified.txt	27	you	13
eng-x-bible-treeoflife.txt	28	you	13
isl-x-bible-isl.txt	34	yður	13
nds-x-bible-nds.txt	22	jünt	13
nld-x-bible-1951.txt	27	u	13
nld-x-bible-2004.txt	30	u	13
nld-x-bible-2007.txt	33	heb	13
nld-x-bible-statenvertaling.txt	23	ulieden	13
nno-x-bible-2011.txt	28	dykk	13
nob-x-bible-2007.txt	34	dere	13
nob-x-bible-2011.txt	27	dere	13
nor-x-bible-1930.txt	31	eder	13
nor-x-bible-student.txt	30	dykk	13
swg-x-bible-swg.txt	26	äich	13
afr-x-bible-1953.txt	4	droefheid	14
afr-x-bible-1983.txt	3	droefheid	14
afr-x-bible-lewende.txt	3	hartseer	14
dan-x-bible-1931.txt	5	voldt	14
dan-x-bible-1931.txt	6	Bedrøvelse	14
dan-x-bible-frederik.txt	6	Bedrøvelse	14
dan-x-bible-hverdagsdansk.txt	11	sorg	14
deu-x-bible-elberfelder1871.txt	4	traurig	14
deu-x-bible-elberfelder1905.txt	4	traurig	14
deu-x-bible-erben.txt	4	Traurigkeit	14
deu-x-bible-freebible.txt	4	traurig	14
deu-x-bible-genfer2011.txt	7	Schmerz	14
deu-x-bible-greber.txt	5	Betrübnis	14
deu-x-bible-gruenewalder.txt	4	Betrübnis	14
deu-x-bible-hoffnung.txt	3	Kummer	14
deu-x-bible-interlinear.txt	4	betrübt	14
deu-x-bible-konkordant.txt	5	Betrübtheit	14
deu-x-bible-konkordant.txt	6	verursacht	14
deu-x-bible-luther1912.txt	5	Betrübnis	14
deu-x-bible-meister.txt	4	Betrübnis	14
deu-x-bible-menge.txt	4	Betrübnis	14
deu-x-bible-neue.txt	3	Kummer	14
deu-x-bible-pattloch.txt	4	Betrübnis	14
deu-x-bible-schlachter.txt	4	Traurigkeit	14
deu-x-bible-schlachter2000.txt	4	Betrübnis	14
deu-x-bible-textbibel.txt	5	Betrübnis	14
deu-x-bible-zuercher.txt	4	betrübt	14
eng-x-bible-amplified.txt	19	grief	14
eng-x-bible-books.txt	5	grief	14
eng-x-bible-clontz.txt	7	pain	14
eng-x-bible-darby.txt	6	grieved	14
eng-x-bible-diaglot.txt	7	grieved	14
eng-x-bible-easytoread.txt	7	sadness	14
eng-x-bible-etheridge.txt	7	grief	14
eng-x-bible-godsword.txt	4	distress	14
eng-x-bible-goodnews.txt	8	sad	14
eng-x-bible-internationalstandard.txt	6	grief	14
eng-x-bible-kingjames.txt	6	grief	14
eng-x-bible-lexham.txt	6	sorrow	14
eng-x-bible-literal.txt	5	grieved	14
eng-x-bible-livingoracles.txt	8	grieved	14
eng-x-bible-majority.txt	6	grief	14
eng-x-bible-new2007.txt	6	sadness	14
eng-x-bible-newcentury.txt	7	sadness	14
eng-x-bible-newinternational.txt	5	grief	14
eng-x-bible-newreaders.txt	6	sad	14
eng-x-bible-newsimplified.txt	6	sorrow	14
eng-x-bible-scriptures.txt	6	sadness	14
eng-x-bible-treeoflife.txt	6	sorrow	14
isl-x-bible-isl.txt	10	hryggð	14
nds-x-bible-nds.txt	4	trüarijch	14
nld-x-bible-1951.txt	4	droefheid	14
nld-x-bible-2004.txt	7	verdriet	14
nld-x-bible-statenvertaling.txt	4	bedroefd	14
nno-x-bible-2011.txt	8	sorg	14
nob-x-bible-1988.txt	11	skuffet	14
nob-x-bible-2007.txt	10	sorg	14
nob-x-bible-2011.txt	8	sorg	14
nor-x-bible-1930.txt	8	sorg	14
nor-x-bible-student.txt	6	sorg	14
swe-x-bible-b2000.txt	9	sorg	14
swe-x-bible-folk1998.txt	7	sorg	14
swe-x-bible-nyalevande.txt	10	ledsen	14
afr-x-bible-1953.txt	10	hy	15
afr-x-bible-1983.txt	13	hy	15
afr-x-bible-boodskap.txt	20	Hy	15
dan-x-bible-1931.txt	9	han	15
dan-x-bible-frederik.txt	9	han	15
deu-x-bible-elberfelder1871.txt	10	er	15
deu-x-bible-elberfelder1905.txt	10	er	15
deu-x-bible-erben.txt	10	er	15
deu-x-bible-freebible.txt	10	er	15
deu-x-bible-gruenewalder.txt	9	er	15
deu-x-bible-interlinear.txt	10	er	15
deu-x-bible-konkordant.txt	14	er	15
deu-x-bible-luther1545letztehand.txt	16	Er	15
deu-x-bible-meister.txt	10	er	15
deu-x-bible-menge.txt	10	er	15
deu-x-bible-neue.txt	9	er	15
deu-x-bible-pattloch.txt	9	er	15
deu-x-bible-schlachter.txt	9	er	15
deu-x-bible-schlachter2000.txt	9	er	15
deu-x-bible-tafelbibel.txt	9	er	15
deu-x-bible-textbibel.txt	10	er	15
deu-x-bible-volxbibel.txt	22	er	15
deu-x-bible-zuercher.txt	8	er	15
eng-x-bible-amplified.txt	23	he	15
eng-x-bible-books.txt	7	he	15
eng-x-bible-books.txt	15	he	15
eng-x-bible-clontz.txt	9	he	15
eng-x-bible-darby.txt	8	he	15
eng-x-bible-diaglot.txt	11	he	15
eng-x-bible-easytoread.txt	21	he	15
eng-x-bible-etheridge.txt	9	he	15
eng-x-bible-goodnews.txt	10	he	15
eng-x-bible-internationalstandard.txt	8	he	15
eng-x-bible-kingjames.txt	8	he	15
eng-x-bible-lexham.txt	8	he	15
eng-x-bible-literal.txt	7	he	15
eng-x-bible-livingoracles.txt	11	he	15
eng-x-bible-majority.txt	8	he	15
eng-x-bible-montgomery.txt	20	he	15
eng-x-bible-new2007.txt	8	he	15
eng-x-bible-newcentury.txt	21	he	15
eng-x-bible-newinternational.txt	7	he	15
eng-x-bible-newinternational.txt	15	he	15
eng-x-bible-newreaders.txt	12	he	15
eng-x-bible-newreaders.txt	20	he	15
eng-x-bible-newsimplified.txt	8	he	15
eng-x-bible-scriptures.txt	8	he	15
eng-x-bible-treeoflife.txt	8	he	15
isl-x-bible-isl.txt	14	hann	15
nds-x-bible-nds.txt	11	hee	15
nld-x-bible-1951.txt	10	hij	15
nld-x-bible-2004.txt	13	hij	15
nno-x-bible-2011.txt	15	han	15
nob-x-bible-1985.txt	20	han	15
nob-x-bible-1988.txt	23	han	15
nob-x-bible-2007.txt	17	han	15
nob-x-bible-2011.txt	14	han	15
nor-x-bible-1930.txt	15	han	15
nor-x-bible-student.txt	13	han	15
swe-x-bible-b2000.txt	16	han	15
swe-x-bible-folk1998.txt	14	han	15
swe-x-bible-nyalevande.txt	22	han	15
afr-x-bible-1953.txt	1	Maar	16
afr-x-bible-viralmal.txt	1	Die	16
dan-x-bible-1931.txt	1	Men	16
dan-x-bible-frederik.txt	1	Men	16
dan-x-bible-hverdagsdansk.txt	1	Det	16
deu-x-bible-elberfelder1871.txt	2	aber	16
deu-x-bible-elberfelder1905.txt	2	aber	16
deu-x-bible-erben.txt	2	aber	16
deu-x-bible-freebible.txt	2	aber	16
deu-x-bible-genfer2011.txt	1	Der	16
deu-x-bible-gruenewalder.txt	3	aber	16
deu-x-bible-hoffnung.txt	2	anderen	16
deu-x-bible-interlinear.txt	2	aber	16
deu-x-bible-konkordant.txt	2	aber	16
deu-x-bible-luther1545.txt	2	aber	16
deu-x-bible-luther1545letztehand.txt	2	aber	16
deu-x-bible-luther1912.txt	2	aber	16
deu-x-bible-meister.txt	2	aber	16
deu-x-bible-menge.txt	2	aber	16
deu-x-bible-pattloch.txt	2	aber	16
deu-x-bible-schlachter.txt	2	aber	16
deu-x-bible-schlachter2000.txt	2	aber	16
deu-x-bible-tafelbibel.txt	1	Es	16
deu-x-bible-tafelbibel.txt	3	aber	16
deu-x-bible-textbibel.txt	2	aber	16
deu-x-bible-volxbibel.txt	1	Ich	16
deu-x-bible-zuercher.txt	2	aber	16
eng-x-bible-amplified.txt	1	But	16
eng-x-bible-clontz.txt	1	But	16
eng-x-bible-common.txt	1	But	16
eng-x-bible-contemporary.txt	3	want	16
eng-x-bible-contemporary.txt	10	But	16
eng-x-bible-darby.txt	1	But	16
eng-x-bible-diaglot.txt	2	but	16
eng-x-bible-etheridge.txt	1	But	16
eng-x-bible-goodnews.txt	1	Now	16
eng-x-bible-internationalstandard.txt	1	But	16
eng-x-bible-kingjames.txt	1	But	16
eng-x-bible-lexham.txt	1	But	16
eng-x-bible-literal.txt	1	But	16
eng-x-bible-livingoracles.txt	1	Now	16
eng-x-bible-majority.txt	1	Now	16
eng-x-bible-montgomery.txt	1	As	16
eng-x-bible-new2007.txt	1	But	16
eng-x-bible-newsimplified.txt	1	But	16
eng-x-bible-scriptures.txt	1	But	16
eng-x-bible-treeoflife.txt	1	But	16
isl-x-bible-isl.txt	1	En	16
nds-x-bible-nds.txt	1	Oba	16
nld-x-bible-1951.txt	1	Doch	16
nld-x-bible-statenvertaling.txt	1	Doch	16
nno-x-bible-2011.txt	1	Men	16
nob-x-bible-1985.txt	1	Det	16
nob-x-bible-1985.txt	15	Likevel	16
nob-x-bible-2007.txt	1	Men	16
nob-x-bible-2011.txt	1	Men	16
nor-x-bible-1930.txt	1	Men	16
nor-x-bible-student.txt	1	Men	16
swg-x-bible-swg.txt	2	aba	16
afr-x-bible-1953.txt	18	ek	17
afr-x-bible-boodskap.txt	41	Ek	17
afr-x-bible-viralmal.txt	31	ek	17
deu-x-bible-elberfelder1905.txt	23	ich	17
deu-x-bible-erben.txt	21	ich	17
deu-x-bible-freebible.txt	23	ich	17
deu-x-bible-gruenewalder.txt	19	ich	17
deu-x-bible-interlinear.txt	18	ich	17
deu-x-bible-konkordant.txt	29	ich	17
deu-x-bible-luther1545.txt	21	ich	17
deu-x-bible-luther1545letztehand.txt	30	ich	17
deu-x-bible-luther1545letztehand.txt	33	bin	17
deu-x-bible-luther1545letztehand.txt	56	ich	17
deu-x-bible-luther1912.txt	21	ich	17
deu-x-bible-meister.txt	19	ich	17
deu-x-bible-menge.txt	24	ich	17
deu-x-bible-neue.txt	20	ich	17
deu-x-bible-schlachter.txt	19	ich	17
deu-x-bible-schlachter2000.txt	19	ich	17
deu-x-bible-textbibel.txt	22	ich	17
deu-x-bible-volxbibel.txt	25	mir	17
deu-x-bible-zuercher.txt	19	ich	17
eng-x-bible-contemporary.txt	21	I	17
eng-x-bible-contemporary.txt	22	am	17
eng-x-bible-darby.txt	20	I	17
eng-x-bible-diaglot.txt	21	I	17
eng-x-bible-easytoread.txt	32	I	17
eng-x-bible-godsword.txt	16	I	17
eng-x-bible-goodnews.txt	28	I	17
eng-x-bible-goodnews.txt	32	I	17
eng-x-bible-internationalstandard.txt	19	I	17
eng-x-bible-kingjames.txt	19	I	17
eng-x-bible-literal.txt	18	I	17
eng-x-bible-livingoracles.txt	24	I	17
eng-x-bible-majority.txt	19	I	17
eng-x-bible-newcentury.txt	31	I	17
eng-x-bible-newreaders.txt	29	I	17
eng-x-bible-newsimplified.txt	21	I	17
isl-x-bible-isl.txt	25	ég	17
nds-x-bible-nds.txt	20	etj	17
nld-x-bible-1951.txt	19	mij	17
nld-x-bible-2004.txt	26	ik	17
nld-x-bible-2007.txt	29	ik	17
nld-x-bible-statenvertaling.txt	18	ik	17
nob-x-bible-2007.txt	27	jeg	17
nor-x-bible-1930.txt	24	jeg	17
nor-x-bible-student.txt	23	eg	17
swg-x-bible-swg.txt	20	i	17
afr-x-bible-1953.txt	17	--	18
deu-x-bible-albrecht.txt	16	—	18
deu-x-bible-elberfelder1905.txt	20	(	18
deu-x-bible-freebible.txt	20	(	18
deu-x-bible-genfer2011.txt	24	(	18
deu-x-bible-genfer2011.txt	27	–	18
deu-x-bible-gruenewalder.txt	18	-	18
deu-x-bible-hoffnung.txt	18	—	18
deu-x-bible-konkordant.txt	27	(	18
deu-x-bible-menge.txt	22	–	18
deu-x-bible-neue.txt	18	-	18
deu-x-bible-schlachter.txt	17	(	18
deu-x-bible-schlachter2000.txt	17	—	18
deu-x-bible-textbibel.txt	18	;	18
deu-x-bible-zuercher.txt	17	-	18
eng-x-bible-clontz.txt	21	—	18
eng-x-bible-common.txt	21	(	18
eng-x-bible-darby.txt	18	(	18
eng-x-bible-easytoread.txt	31	(	18
eng-x-bible-etheridge.txt	24	:	18
eng-x-bible-goodnews.txt	27	(	18
eng-x-bible-internationalstandard.txt	18	—	18
eng-x-bible-kingjames.txt	17	:	18
eng-x-bible-lexham.txt	21	—	18
eng-x-bible-majority.txt	17	-	18
eng-x-bible-montgomery.txt	28	-	18
eng-x-bible-new2007.txt	19	(	18
eng-x-bible-newcentury.txt	30	(	18
eng-x-bible-treeoflife.txt	20	—	18
isl-x-bible-isl.txt	23	-	18
nld-x-bible-1951.txt	17	–	18
nld-x-bible-2004.txt	24	–	18
nld-x-bible-statenvertaling.txt	16	(	18
nno-x-bible-2011.txt	23	–	18
nob-x-bible-1985.txt	27	–	18
nob-x-bible-2007.txt	24	-	18
nob-x-bible-2011.txt	22	–	18
nor-x-bible-1930.txt	22	-	18
nor-x-bible-student.txt	21	-	18
swe-x-bible-b2000.txt	23	—	18
swg-x-bible-swg.txt	18	-	18
afr-x-bible-1983.txt	34	deel	19
afr-x-bible-lewende.txt	22	ten	19
dan-x-bible-1931.txt	16	Dels	19
dan-x-bible-frederik.txt	15	tildeels	19
deu-x-bible-erben.txt	18	Teil	19
deu-x-bible-greber.txt	18	Teil	19
deu-x-bible-gruenewalder.txt	17	Teil	19
deu-x-bible-interlinear.txt	14	teilweise	19
deu-x-bible-konkordant.txt	26	Teil	19
deu-x-bible-luther1545.txt	17	Teil	19
deu-x-bible-luther1545letztehand.txt	52	teil	19
deu-x-bible-luther1912.txt	17	Teil	19
deu-x-bible-schlachter.txt	16	Teil	19
deu-x-bible-schlachter2000.txt	16	Teil	19
deu-x-bible-tafelbibel.txt	11	der	19
deu-x-bible-textbibel.txt	29	Teil	19
eng-x-bible-books.txt	19	of	19
eng-x-bible-common.txt	16	of	19
eng-x-bible-darby.txt	17	part	19
eng-x-bible-diaglot.txt	17	parts	19
eng-x-bible-etheridge.txt	20	part	19
eng-x-bible-etheridge.txt	21	of	19
eng-x-bible-goodnews.txt	22	part	19
eng-x-bible-kingjames.txt	16	part	19
eng-x-bible-literal.txt	15	part	19
eng-x-bible-livingoracles.txt	19	part	19
eng-x-bible-livingoracles.txt	20	of	19
eng-x-bible-majority.txt	16	part	19
eng-x-bible-montgomery.txt	26	of	19
eng-x-bible-newinternational.txt	19	of	19
eng-x-bible-newliving.txt	19	of	19
eng-x-bible-newreaders.txt	24	of	19
eng-x-bible-newsimplified.txt	19	part	19
eng-x-bible-worldwide.txt	10	of	19
nds-x-bible-nds.txt	17	Deel	19
nld-x-bible-2007.txt	31	deel	19
nld-x-bible-statenvertaling.txt	15	dele	19
nob-x-bible-1988.txt	27	den	19
nor-x-bible-student.txt	20	deils	19
swg-x-bible-swg.txt	17	Deil	19
afr-x-bible-1983.txt	27	te	20
deu-x-bible-albrecht.txt	20	zu	20
deu-x-bible-genfer2011.txt	32	zu	20
deu-x-bible-greber.txt	24	zu	20
deu-x-bible-hoffnung.txt	24	um	20
deu-x-bible-hoffnung.txt	26	zu	20
deu-x-bible-luther1545letztehand.txt	55	das	20
deu-x-bible-luther1912.txt	23	zu	20
deu-x-bible-menge.txt	27	zu	20
deu-x-bible-neue.txt	22	zu	20
deu-x-bible-pattloch.txt	21	zu	20
deu-x-bible-pattloch.txt	23	zu	20
deu-x-bible-schlachter.txt	21	zu	20
deu-x-bible-schlachter2000.txt	21	zu	20
deu-x-bible-textbibel.txt	24	zu	20
eng-x-bible-books.txt	26	to	20
eng-x-bible-clontz.txt	29	to	20
eng-x-bible-common.txt	23	to	20
eng-x-bible-contemporary.txt	31	to	20
eng-x-bible-easytoread.txt	35	to	20
eng-x-bible-goodnews.txt	36	to	20
eng-x-bible-lexham.txt	32	to	20
eng-x-bible-montgomery.txt	36	to	20
eng-x-bible-newcentury.txt	35	to	20
eng-x-bible-newinternational.txt	26	to	20
eng-x-bible-newreaders.txt	32	to	20
eng-x-bible-newsimplified.txt	24	too	20
eng-x-bible-newsimplified.txt	26	to	20
eng-x-bible-scriptures.txt	23	to	20
eng-x-bible-treeoflife.txt	22	to	20
eng-x-bible-treeoflife.txt	25	to	20
eng-x-bible-worldwide.txt	13	to	20
nds-x-bible-nds.txt	26	too	20
nld-x-bible-1951.txt	24	te	20
nno-x-bible-2011.txt	32	å	20
nob-x-bible-1985.txt	34	å	20
nob-x-bible-1988.txt	39	å	20
nob-x-bible-2011.txt	31	å	20
swe-x-bible-b2000.txt	30	att	20
swe-x-bible-nyalevande.txt	36	att	20
swg-x-bible-swg.txt	22	z	20
afr-x-bible-1953.txt	23	--	21
afr-x-bible-boodskap.txt	50	-	21
deu-x-bible-albrecht.txt	22	—	21
deu-x-bible-elberfelder1905.txt	26	)	21
deu-x-bible-freebible.txt	26	)	21
deu-x-bible-genfer2011.txt	34	–	21
deu-x-bible-genfer2011.txt	40	)	21
deu-x-bible-gruenewalder.txt	23	-	21
deu-x-bible-konkordant.txt	35	)	21
deu-x-bible-menge.txt	30	–	21
deu-x-bible-neue.txt	25	-	21
deu-x-bible-schlachter.txt	24	)	21
deu-x-bible-schlachter2000.txt	24	—	21
deu-x-bible-zuercher.txt	23	-	21
eng-x-bible-books.txt	24	—	21
eng-x-bible-clontz.txt	28	—	21
eng-x-bible-common.txt	25	)	21
eng-x-bible-darby.txt	27	)	21
eng-x-bible-easytoread.txt	45	)	21
eng-x-bible-goodnews.txt	43	)	21
eng-x-bible-internationalstandard.txt	27	—	21
eng-x-bible-lexham.txt	31	—	21
eng-x-bible-montgomery.txt	34	(	21
eng-x-bible-montgomery.txt	40	)	21
eng-x-bible-new2007.txt	23	)	21
eng-x-bible-newcentury.txt	45	)	21
eng-x-bible-newinternational.txt	24	–	21
eng-x-bible-newreaders.txt	27	.	21
eng-x-bible-scriptures.txt	21	–	21
eng-x-bible-treeoflife.txt	24	—	21
isl-x-bible-isl.txt	32	-	21
nld-x-bible-1951.txt	26	–	21
nld-x-bible-2004.txt	29	–	21
nld-x-bible-statenvertaling.txt	22	)	21
nob-x-bible-2007.txt	33	-	21
nor-x-bible-1930.txt	30	-	21
nor-x-bible-student.txt	29	-	21
swe-x-bible-folk1998.txt	24	-	21
swg-x-bible-swg.txt	25	-	21
afr-x-bible-1953.txt	8	dan	22
deu-x-bible-elberfelder1871.txt	8	so	22
deu-x-bible-elberfelder1905.txt	8	so	22
deu-x-bible-erben.txt	8	so	22
deu-x-bible-freebible.txt	8	so	22
deu-x-bible-genfer2011.txt	5	so	22
deu-x-bible-genfer2011.txt	14	so	22
deu-x-bible-greber.txt	8	so	22
deu-x-bible-gruenewalder.txt	7	so	22
deu-x-bible-konkordant.txt	11	so	22
deu-x-bible-meister.txt	8	so	22
deu-x-bible-menge.txt	8	so	22
deu-x-bible-neue.txt	7	dann	22
deu-x-bible-pattloch.txt	7	so	22
deu-x-bible-schlachter.txt	7	so	22
deu-x-bible-schlachter2000.txt	7	so	22
deu-x-bible-textbibel.txt	8	so	22
deu-x-bible-zuercher.txt	6	so	22
eng-x-bible-books.txt	10	so	22
eng-x-bible-newinternational.txt	10	so	22
eng-x-bible-newliving.txt	6	when	22
isl-x-bible-isl.txt	7	þess	22
isl-x-bible-isl.txt	12	þá	22
nld-x-bible-1951.txt	8	dan	22
nld-x-bible-2004.txt	11	dan	22
nno-x-bible-2011.txt	10	så	22
nob-x-bible-2007.txt	12	så	22
nor-x-bible-1930.txt	10	da	22
nor-x-bible-student.txt	8	so	22
swe-x-bible-b2000.txt	11	så	22
swe-x-bible-folk1998.txt	9	så	22
afr-x-bible-1953.txt	24	min	23
afr-x-bible-1953.txt	26	meer	23
dan-x-bible-hverdagsdansk.txt	28	meget	23
deu-x-bible-albrecht.txt	13	mehr	23
deu-x-bible-albrecht.txt	19	zuviel	23
deu-x-bible-genfer2011.txt	31	viel	23
deu-x-bible-luther1912.txt	24	viel	23
deu-x-bible-menge.txt	19	mehr	23
deu-x-bible-neue.txt	15	mehr	23
deu-x-bible-neue.txt	23	viel	23
deu-x-bible-pattloch.txt	22	viel	23
deu-x-bible-schlachter.txt	22	viel	23
deu-x-bible-schlachter2000.txt	22	viel	23
deu-x-bible-textbibel.txt	25	viel	23
deu-x-bible-zuercher.txt	21	zuviel	23
eng-x-bible-easytoread.txt	40	than	23
eng-x-bible-internationalstandard.txt	26	much	23
eng-x-bible-lexham.txt	29	much	23
eng-x-bible-newcentury.txt	40	than	23
eng-x-bible-newliving.txt	21	more	23
eng-x-bible-newliving.txt	22	than	23
eng-x-bible-newreaders.txt	18	much	23
isl-x-bible-isl.txt	29	meira	23
nds-x-bible-nds.txt	27	väl	23
nob-x-bible-1985.txt	28	mer	23
nob-x-bible-1985.txt	37	mye	23
nob-x-bible-2007.txt	32	mye	23
swe-x-bible-folk1998.txt	30	mycket	23
swg-x-bible-swg.txt	23	viel	23
afr-x-bible-1983.txt	20	julle	24
afr-x-bible-boodskap.txt	30	julle	24
afr-x-bible-boodskap.txt	46	julle	24
afr-x-bible-lewende.txt	18	julle	24
afr-x-bible-viralmal.txt	24	júlle	24
dan-x-bible-hverdagsdansk.txt	19	jer	24
deu-x-bible-genfer2011.txt	22	euch	24
deu-x-bible-greber.txt	19	eurer	24
deu-x-bible-hoffnung.txt	16	euch	24
deu-x-bible-luther1545letztehand.txt	21	euch	24
deu-x-bible-luther1545letztehand.txt	26	euch	24
deu-x-bible-luther1545letztehand.txt	44	ewer	24
deu-x-bible-textbibel.txt	16	eure	24
deu-x-bible-volxbibel.txt	15	euch	24
eng-x-bible-books.txt	20	you	24
eng-x-bible-common.txt	17	you	24
eng-x-bible-contemporary.txt	14	you	24
eng-x-bible-darby.txt	25	you	24
eng-x-bible-easytoread.txt	17	you	24
eng-x-bible-etheridge.txt	22	you	24
eng-x-bible-livingoracles.txt	21	you	24
eng-x-bible-montgomery.txt	27	you	24
eng-x-bible-newcentury.txt	17	you	24
eng-x-bible-newinternational.txt	20	you	24
eng-x-bible-newreaders.txt	25	you	24
eng-x-bible-scriptures.txt	19	you	24
eng-x-bible-worldwide.txt	11	you	24
nld-x-bible-2007.txt	26	u	24
nno-x-bible-2011.txt	21	dykk	24
nob-x-bible-1985.txt	25	dere	24
nob-x-bible-1988.txt	19	dere	24
nob-x-bible-1988.txt	29	dere	24
nob-x-bible-2011.txt	20	dere	24
swe-x-bible-b2000.txt	22	er	24
swe-x-bible-folk1998.txt	19	er	24
swe-x-bible-nyalevande.txt	18	er	24
afr-x-bible-1983.txt	19	vir	25
afr-x-bible-1983.txt	31	ten	25
afr-x-bible-viralmal.txt	23	vir	25
dan-x-bible-1931.txt	15	til	25
deu-x-bible-erben.txt	17	zum	25
deu-x-bible-gruenewalder.txt	16	zum	25
deu-x-bible-konkordant.txt	24	zum	25
deu-x-bible-luther1545.txt	16	zum	25
deu-x-bible-luther1545letztehand.txt	51	zum	25
deu-x-bible-luther1912.txt	16	zum	25
deu-x-bible-schlachter.txt	15	zum	25
deu-x-bible-schlachter2000.txt	15	zum	25
eng-x-bible-amplified.txt	28	to	25
eng-x-bible-clontz.txt	14	to	25
eng-x-bible-easytoread.txt	25	to	25
eng-x-bible-goodnews.txt	18	to	25
eng-x-bible-lexham.txt	17	to	25
eng-x-bible-new2007.txt	16	to	25
eng-x-bible-newcentury.txt	24	to	25
eng-x-bible-newsimplified.txt	14	to	25
eng-x-bible-treeoflife.txt	13	to	25
eng-x-bible-treeoflife.txt	17	to	25
nds-x-bible-nds.txt	16	tom	25
nld-x-bible-2004.txt	20	tot	25
nld-x-bible-statenvertaling.txt	14	ten	25
nor-x-bible-student.txt	19	til	25
swg-x-bible-swg.txt	16	zum	25
afr-x-bible-1983.txt	7	is	26
afr-x-bible-boodskap.txt	33	Gelukkig	26
afr-x-bible-lewende.txt	7	is	26
afr-x-bible-lewende.txt	14	is	26
dan-x-bible-hverdagsdansk.txt	2	er	26
dan-x-bible-hverdagsdansk.txt	16	er	26
deu-x-bible-luther1545letztehand.txt	14	ist	26
deu-x-bible-tafelbibel.txt	2	ist	26
eng-x-bible-godsword.txt	10	really	26
eng-x-bible-montgomery.txt	10	is	26
eng-x-bible-montgomery.txt	16	is	26
eng-x-bible-newliving.txt	2	am	26
nld-x-bible-2004.txt	4	is	26
nno-x-bible-2011.txt	11	er	26
nob-x-bible-1985.txt	2	er	26
nob-x-bible-1985.txt	6	er	26
nob-x-bible-1985.txt	16	er	26
nob-x-bible-1988.txt	17	er	26
nob-x-bible-2007.txt	2	er	26
nob-x-bible-2007.txt	13	er	26
nob-x-bible-2011.txt	10	er	26
nor-x-bible-1930.txt	2	er	26
nor-x-bible-1930.txt	11	er	26
nor-x-bible-student.txt	9	er	26
swe-x-bible-b2000.txt	4	är	26
swe-x-bible-b2000.txt	12	är	26
swe-x-bible-folk1998.txt	10	är	26
swe-x-bible-nyalevande.txt	16	är	26
deu-x-bible-elberfelder1871.txt	17	in	27
deu-x-bible-elberfelder1905.txt	17	in	27
deu-x-bible-freebible.txt	17	in	27
deu-x-bible-genfer2011.txt	37	im	27
deu-x-bible-pattloch.txt	15	in	27
deu-x-bible-zuercher.txt	14	in	27
eng-x-bible-amplified.txt	32	in	27
eng-x-bible-clontz.txt	18	in	27
eng-x-bible-darby.txt	16	in	27
eng-x-bible-easytoread.txt	27	in	27
eng-x-bible-kingjames.txt	15	in	27
eng-x-bible-lexham.txt	23	in	27
eng-x-bible-literal.txt	14	in	27
eng-x-bible-majority.txt	15	in	27
eng-x-bible-newcentury.txt	26	in	27
eng-x-bible-newsimplified.txt	18	in	27
eng-x-bible-scriptures.txt	16	in	27
nob-x-bible-1988.txt	20	i	27
swe-x-bible-b2000.txt	25	i	27
swe-x-bible-folk1998.txt	21	i	27
swe-x-bible-nyalevande.txt	19	i	27
afr-x-bible-viralmal.txt	17	gemaak	28
afr-x-bible-viralmal.txt	27	gemaak	28
afr-x-bible-viralmal.txt	33	verkeerd	28
deu-x-bible-elberfelder1871.txt	14	gemacht	28
deu-x-bible-elberfelder1905.txt	14	gemacht	28
deu-x-bible-erben.txt	14	gemacht	28
deu-x-bible-freebible.txt	14	gemacht	28
deu-x-bible-genfer2011.txt	19	getan	28
deu-x-bible-hoffnung.txt	13	gemacht	28
eng-x-bible-contemporary.txt	16	made	28
eng-x-bible-contemporary.txt	30	made	28
eng-x-bible-goodnews.txt	13	done	28
eng-x-bible-newreaders.txt	14	made	28
eng-x-bible-newreaders.txt	22	made	28
eng-x-bible-scriptures.txt	11	made	28
nds-x-bible-nds.txt	13	jemoakt	28
nld-x-bible-2004.txt	18	gedaan	28
nld-x-bible-2007.txt	22	gedaan	28
nno-x-bible-2011.txt	17	gjort	28
nor-x-bible-1930.txt	17	voldt	28
nor-x-bible-student.txt	15	gjort	28
swe-x-bible-b2000.txt	18	gjort	28
swg-x-bible-swg.txt	13	gmacht	28
afr-x-bible-viralmal.txt	32	praat	29
dan-x-bible-1931.txt	21	sige	29
dan-x-bible-frederik.txt	19	sige	29
deu-x-bible-albrecht.txt	21	sagen	29
deu-x-bible-genfer2011.txt	33	sagen	29
deu-x-bible-greber.txt	25	sagen	29
deu-x-bible-luther1912.txt	25	sage	29
deu-x-bible-neue.txt	24	sage	29
deu-x-bible-pattloch.txt	24	sagen	29
deu-x-bible-schlachter.txt	23	sage	29
deu-x-bible-schlachter2000.txt	23	sage	29
deu-x-bible-zuercher.txt	22	sage	29
eng-x-bible-goodnews.txt	29	say	29
eng-x-bible-lexham.txt	27	say	29
nob-x-bible-1985.txt	35	si	29
nob-x-bible-1988.txt	40	si	29
nob-x-bible-2007.txt	30	si	29
swe-x-bible-folk1998.txt	28	säga	29
swe-x-bible-nyalevande.txt	37	säga	29
swg-x-bible-swg.txt	24	sag	29
afr-x-bible-1953.txt	7	,	30
afr-x-bible-lewende.txt	6	,	30
deu-x-bible-albrecht.txt	5	,	30
deu-x-bible-greber.txt	7	,	30
deu-x-bible-gruenewalder.txt	6	,	30
deu-x-bible-hoffnung.txt	6	,	30
deu-x-bible-menge.txt	7	,	30
deu-x-bible-neue.txt	6	,	30
deu-x-bible-pattloch.txt	6	,	30
deu-x-bible-schlachter.txt	6	,	30
deu-x-bible-schlachter2000.txt	6	,	30
deu-x-bible-zuercher.txt	5	,	30
eng-x-bible-clontz.txt	8	,	30
eng-x-bible-newsimplified.txt	7	,	30
eng-x-bible-treeoflife.txt	7	,	30
nds-x-bible-nds.txt	7	,	30
nld-x-bible-1951.txt	7	,	30
nor-x-bible-student.txt	7	,	30
afr-x-bible-1983.txt	8	dit	31
afr-x-bible-boodskap.txt	35	dit	31
afr-x-bible-lewende.txt	8	dit	31
dan-x-bible-hverdagsdansk.txt	15	det	31
eng-x-bible-amplified.txt	26	it	31
eng-x-bible-clontz.txt	12	it	31
eng-x-bible-goodnews.txt	14	it	31
eng-x-bible-montgomery.txt	15	it	31
nno-x-bible-2011.txt	12	det	31
nob-x-bible-1985.txt	17	det	31
nob-x-bible-1988.txt	16	det	31
nob-x-bible-2007.txt	14	det	31
nob-x-bible-2011.txt	11	det	31
nor-x-bible-1930.txt	12	det	31
nor-x-bible-student.txt	10	det	31
swe-x-bible-b2000.txt	13	det	31
swe-x-bible-folk1998.txt	11	det	31
swe-x-bible-nyalevande.txt	15	det	31
afr-x-bible-lewende.txt	24	sommige	32
eng-x-bible-amplified.txt	33	some	32
eng-x-bible-books.txt	22	some	32
eng-x-bible-clontz.txt	19	some	32
eng-x-bible-common.txt	19	some	32
eng-x-bible-contemporary.txt	35	Some	32
eng-x-bible-easytoread.txt	28	some	32
eng-x-bible-godsword.txt	14	some	32
eng-x-bible-internationalstandard.txt	16	some	32
eng-x-bible-lexham.txt	18	some	32
eng-x-bible-montgomery.txt	31	some	32
eng-x-bible-new2007.txt	17	some	32
eng-x-bible-newcentury.txt	27	some	32
eng-x-bible-newinternational.txt	22	some	32
eng-x-bible-newreaders.txt	9	some	32
eng-x-bible-scriptures.txt	17	some	32
eng-x-bible-treeoflife.txt	18	some	32
swe-x-bible-b2000.txt	26	någon	32
afr-x-bible-boodskap.txt	45	dit	33
dan-x-bible-1931.txt	22	det	33
dan-x-bible-frederik.txt	20	det	33
dan-x-bible-hverdagsdansk.txt	23	Det	33
dan-x-bible-hverdagsdansk.txt	32	det	33
eng-x-bible-amplified.txt	39	it	33
eng-x-bible-books.txt	28	it	33
eng-x-bible-clontz.txt	25	it	33
eng-x-bible-easytoread.txt	37	it	33
eng-x-bible-easytoread.txt	41	it	33
eng-x-bible-internationalstandard.txt	28	it	33
eng-x-bible-newcentury.txt	37	it	33
eng-x-bible-newcentury.txt	41	it	33
eng-x-bible-newinternational.txt	28	it	33
nob-x-bible-1988.txt	33	Det	33
nob-x-bible-1988.txt	35	det	33
swe-x-bible-nyalevande.txt	31	Det	33
deu-x-bible-genfer2011.txt	26	auch	34
eng-x-bible-amplified.txt	40	too	34
eng-x-bible-books.txt	29	too	34
eng-x-bible-clontz.txt	26	too	34
eng-x-bible-godsword.txt	22	too	34
eng-x-bible-goodnews.txt	38	too	34
eng-x-bible-internationalstandard.txt	25	too	34
eng-x-bible-lexham.txt	28	too	34
eng-x-bible-new2007.txt	31	well	34
eng-x-bible-newinternational.txt	29	too	34
eng-x-bible-newreaders.txt	35	too	34
eng-x-bible-scriptures.txt	25	too	34
nld-x-bible-2007.txt	32	ook	34
nob-x-bible-1988.txt	36	vel	34
swe-x-bible-nyalevande.txt	33	väl	34
afr-x-bible-1983.txt	35	van	35
afr-x-bible-boodskap.txt	57	van	35
afr-x-bible-lewende.txt	25	van	35
eng-x-bible-amplified.txt	49	of	35
eng-x-bible-clontz.txt	31	of	35
eng-x-bible-contemporary.txt	36	of	35
eng-x-bible-darby.txt	29	of	35
eng-x-bible-godsword.txt	27	of	35
eng-x-bible-internationalstandard.txt	32	of	35
eng-x-bible-lexham.txt	34	of	35
eng-x-bible-literal.txt	22	of	35
eng-x-bible-new2007.txt	28	of	35
eng-x-bible-treeoflife.txt	27	of	35
deu-x-bible-volxbibel.txt	6	zu	36
eng-x-bible-easytoread.txt	10	to	36
eng-x-bible-easytoread.txt	14	to	36
eng-x-bible-goodnews.txt	15	to	36
eng-x-bible-newcentury.txt	10	to	36
eng-x-bible-newcentury.txt	14	to	36
isl-x-bible-isl.txt	6	til	36
nno-x-bible-2011.txt	7	til	36
nob-x-bible-1985.txt	12	til	36
nob-x-bible-2007.txt	9	til	36
nob-x-bible-2011.txt	7	til	36
afr-x-bible-viralmal.txt	8	gemaak	37
deu-x-bible-elberfelder1871.txt	5	gemacht	37
deu-x-bible-elberfelder1905.txt	5	gemacht	37
deu-x-bible-freebible.txt	5	gemacht	37
deu-x-bible-neue.txt	4	gemacht	37
deu-x-bible-textbibel.txt	6	geschaffen	37
eng-x-bible-common.txt	5	made	37
eng-x-bible-goodnews.txt	6	made	37
eng-x-bible-newreaders.txt	4	made	37
nds-x-bible-nds.txt	5	jemoakt	37
nld-x-bible-2004.txt	9	gedaan	37
nor-x-bible-student.txt	5	gjort	37
swe-x-bible-nyalevande.txt	8	gjort	37
deu-x-bible-luther1545.txt	5	Betrübnis	38
deu-x-bible-pattloch.txt	5	verursachte	38
eng-x-bible-books.txt	4	caused	38
eng-x-bible-clontz.txt	6	caused	38
eng-x-bible-etheridge.txt	6	caused	38
eng-x-bible-internationalstandard.txt	5	caused	38
eng-x-bible-kingjames.txt	5	caused	38
eng-x-bible-lexham.txt	5	caused	38
eng-x-bible-majority.txt	5	caused	38
eng-x-bible-new2007.txt	5	caused	38
eng-x-bible-newcentury.txt	6	caused	38
eng-x-bible-newinternational.txt	4	caused	38
eng-x-bible-newliving.txt	4	overstating	38
eng-x-bible-newsimplified.txt	5	caused	38
eng-x-bible-scriptures.txt	5	caused	38
eng-x-bible-treeoflife.txt	5	caused	38
nor-x-bible-1930.txt	7	voldt	38
afr-x-bible-1983.txt	25	om	39
deu-x-bible-genfer2011.txt	30	zu	39
eng-x-bible-amplified.txt	37	to	39
eng-x-bible-books.txt	21	to	39
eng-x-bible-clontz.txt	23	to	39
eng-x-bible-common.txt	18	to	39
eng-x-bible-godsword.txt	19	to	39
eng-x-bible-internationalstandard.txt	22	to	39
eng-x-bible-lexham.txt	26	to	39
eng-x-bible-new2007.txt	21	to	39
eng-x-bible-newinternational.txt	21	to	39
nld-x-bible-1951.txt	21	te	39
afr-x-bible-viralmal.txt	2	persoon	40
deu-x-bible-greber.txt	2	eine	40
deu-x-bible-greber.txt	4	Person	40
deu-x-bible-luther1545.txt	4	eine	40
deu-x-bible-luther1545letztehand.txt	4	ein	40
deu-x-bible-luther1912.txt	4	eine	40
deu-x-bible-textbibel.txt	3	ein	40
eng-x-bible-amplified.txt	6	one	40
eng-x-bible-clontz.txt	4	one	40
eng-x-bible-contemporary.txt	12	one	40
eng-x-bible-darby.txt	4	one	40
eng-x-bible-diaglot.txt	4	one	40
eng-x-bible-etheridge.txt	4	one	40
eng-x-bible-livingoracles.txt	4	a	40
nob-x-bible-1985.txt	7	én	40
swe-x-bible-folk1998.txt	2	en	40
dan-x-bible-hverdagsdansk.txt	27	for	41
deu-x-bible-volxbibel.txt	28	vor	41
isl-x-bible-isl.txt	31	því	41
nno-x-bible-2011.txt	30	for	41
nob-x-bible-1985.txt	32	for	41
nob-x-bible-1985.txt	36	for	41
nob-x-bible-2007.txt	31	for	41
nob-x-bible-2011.txt	29	for	41
nor-x-bible-1930.txt	28	for	41
nor-x-bible-student.txt	27	for	41
swe-x-bible-b2000.txt	29	för	41
swe-x-bible-folk1998.txt	29	för	41
afr-x-bible-boodskap.txt	19	.	42
afr-x-bible-viralmal.txt	19	.	42
eng-x-bible-contemporary.txt	9	.	42
eng-x-bible-easytoread.txt	18	.	42
eng-x-bible-godsword.txt	12	.	42
eng-x-bible-internationalstandard.txt	14	.	42
eng-x-bible-newcentury.txt	18	.	42
nob-x-bible-1985.txt	14	.	42
nob-x-bible-1988.txt	13	.	42
swe-x-bible-nyalevande.txt	12	.	42
afr-x-bible-1953.txt	25	of	43
afr-x-bible-1983.txt	23	of	43
afr-x-bible-lewende.txt	21	of	43
deu-x-bible-albrecht.txt	14	oder	43
deu-x-bible-hoffnung.txt	19	oder	43
deu-x-bible-menge.txt	20	oder	43
deu-x-bible-neue.txt	16	oder	43
nno-x-bible-2011.txt	24	eller	43
nob-x-bible-1985.txt	29	eller	43
nob-x-bible-2011.txt	23	eller	43
eng-x-bible-common.txt	8	,	44
eng-x-bible-easytoread.txt	12	,	44
eng-x-bible-majority.txt	7	,	44
eng-x-bible-newcentury.txt	12	,	44
eng-x-bible-newreaders.txt	11	,	44
isl-x-bible-isl.txt	11	,	44
nld-x-bible-2004.txt	10	,	44
nob-x-bible-2007.txt	11	,	44
swe-x-bible-b2000.txt	10	,	44
afr-x-bible-boodskap.txt	10	wat	45
afr-x-bible-viralmal.txt	6	wat	45
eng-x-bible-amplified.txt	9	who	45
eng-x-bible-montgomery.txt	4	who	45
nld-x-bible-2004.txt	5	die	45
nld-x-bible-2007.txt	7	wie	45
nld-x-bible-statenvertaling.txt	7	die	45
nob-x-bible-1985.txt	8	som	45
nob-x-bible-2007.txt	5	som	45
nor-x-bible-1930.txt	5	som	45
swe-x-bible-b2000.txt	6	som	45
deu-x-bible-albrecht.txt	6	der	46
deu-x-bible-hoffnung.txt	7	der	46
deu-x-bible-luther1545.txt	9	der	46
deu-x-bible-luther1545letztehand.txt	9	Der	46
deu-x-bible-luther1912.txt	9	der	46
deu-x-bible-tafelbibel.txt	5	solchen	46
deu-x-bible-volxbibel.txt	9	dem	46
eng-x-bible-godsword.txt	8	the	46
eng-x-bible-godsword.txt	9	one	46
nld-x-bible-2007.txt	11	die	46
swg-x-bible-swg.txt	8	der	46
afr-x-bible-1983.txt	12	wat	47
afr-x-bible-lewende.txt	12	wat	47
deu-x-bible-luther1545letztehand.txt	29	was	47
eng-x-bible-contemporary.txt	27	who	47
eng-x-bible-montgomery.txt	19	whom	47
eng-x-bible-newliving.txt	12	who	47
eng-x-bible-worldwide.txt	8	what	47
nld-x-bible-2007.txt	13	die	47
nob-x-bible-1988.txt	22	som	47
swe-x-bible-nyalevande.txt	21	som	47
afr-x-bible-1983.txt	6	,	48
eng-x-bible-books.txt	6	,	48
eng-x-bible-godsword.txt	5	,	48
eng-x-bible-internationalstandard.txt	7	,	48
eng-x-bible-lexham.txt	7	,	48
eng-x-bible-new2007.txt	7	,	48
eng-x-bible-newcentury.txt	8	,	48
eng-x-bible-newinternational.txt	6	,	48
afr-x-bible-boodskap.txt	5	julle	49
afr-x-bible-boodskap.txt	15	julle	49
afr-x-bible-viralmal.txt	4	julle	49
eng-x-bible-amplified.txt	8	you	49
eng-x-bible-contemporary.txt	8	you	49
eng-x-bible-easytoread.txt	3	your	49
eng-x-bible-newcentury.txt	4	you	49
dan-x-bible-hverdagsdansk.txt	24	er	50
dan-x-bible-hverdagsdansk.txt	31	er	50
deu-x-bible-tafelbibel.txt	16	ist	50
eng-x-bible-contemporary.txt	38	are	50
eng-x-bible-easytoread.txt	43	is	50
eng-x-bible-newcentury.txt	43	is	50
nob-x-bible-1988.txt	34	er	50
swe-x-bible-nyalevande.txt	32	är	50
afr-x-bible-viralmal.txt	40	hartseer	51
deu-x-bible-luther1545letztehand.txt	48	betrübet	51
eng-x-bible-common.txt	24	exaggerate	51
eng-x-bible-contemporary.txt	33	bad	51
eng-x-bible-godsword.txt	25	affected	51
eng-x-bible-new2007.txt	26	saddened	51
eng-x-bible-newliving.txt	24	hurt	51
eng-x-bible-newreaders.txt	26	sad	51
isl-x-bible-isl.txt	33	hryggt	51
deu-x-bible-elberfelder1871.txt	19	Maße	52
deu-x-bible-elberfelder1905.txt	19	Maße	52
deu-x-bible-freebible.txt	19	Masse	52
deu-x-bible-pattloch.txt	17	Maße	52
eng-x-bible-amplified.txt	34	measure	52
eng-x-bible-clontz.txt	20	measure	52
eng-x-bible-amplified.txt	38	put	53
eng-x-bible-books.txt	27	put	53
eng-x-bible-clontz.txt	24	put	53
eng-x-bible-diaglot.txt	23	bear	53
eng-x-bible-newinternational.txt	27	put	53
eng-x-bible-newreaders.txt	33	put	53
dan-x-bible-hverdagsdansk.txt	6	den	54
eng-x-bible-newcentury.txt	2	there	54
eng-x-bible-newliving.txt	5	it	54
eng-x-bible-worldwide.txt	1	That	54
nld-x-bible-2004.txt	2	er	54
nob-x-bible-1985.txt	5	det	54
nob-x-bible-2007.txt	3	det	54
nor-x-bible-1930.txt	3	det	54
swe-x-bible-b2000.txt	2	det	54
deu-x-bible-gruenewalder.txt	14	,	55
deu-x-bible-luther1545.txt	14	,	55
eng-x-bible-newsimplified.txt	16	,	55
nno-x-bible-2011.txt	19	,	55
nob-x-bible-2011.txt	18	,	55
swe-x-bible-folk1998.txt	17	,	55
eng-x-bible-contemporary.txt	5	be	56
eng-x-bible-diaglot.txt	6	been	56
eng-x-bible-montgomery.txt	6	been	56
eng-x-bible-worldwide.txt	4	been	56
isl-x-bible-isl.txt	5	orðið	56
nob-x-bible-1985.txt	10	vært	56
nob-x-bible-2007.txt	7	vært	56
afr-x-bible-boodskap.txt	16	kerk	57
deu-x-bible-greber.txt	20	Gemeinde	57
eng-x-bible-godsword.txt	13	To	57
eng-x-bible-internationalstandard.txt	15	To	57
nob-x-bible-1988.txt	21	menigheten	57
swe-x-bible-nyalevande.txt	20	församlingen	57
deu-x-bible-volxbibel.txt	21	hat	58
eng-x-bible-amplified.txt	45	has	58
eng-x-bible-contemporary.txt	28	has	58
eng-x-bible-godsword.txt	24	has	58
eng-x-bible-internationalstandard.txt	29	has	58
eng-x-bible-new2007.txt	25	has	58
swe-x-bible-nyalevande.txt	26	sitt	58
deu-x-bible-konkordant.txt	31	ihn	59
deu-x-bible-menge.txt	25	ihn	59
eng-x-bible-goodnews.txt	41	him	59
eng-x-bible-worldwide.txt	14	him	59
nld-x-bible-statenvertaling.txt	19	hem	59
eng-x-bible-goodnews.txt	24	at	60
eng-x-bible-livingoracles.txt	17	by	60
eng-x-bible-montgomery.txt	29	at	60
eng-x-bible-worldwide.txt	7	by	60
nob-x-bible-1988.txt	26	ved	60
swe-x-bible-nyalevande.txt	25	genom	60
afr-x-bible-1953.txt	5	veroorsaak	61
deu-x-bible-gruenewalder.txt	5	verursacht	61
deu-x-bible-menge.txt	5	verursacht	61
deu-x-bible-schlachter.txt	5	verursacht	61
deu-x-bible-schlachter2000.txt	5	verursacht	61
afr-x-bible-boodskap.txt	9	man	62
dan-x-bible-hverdagsdansk.txt	8	mand	62
eng-x-bible-common.txt	10	person	62
eng-x-bible-livingoracles.txt	5	certain	62
eng-x-bible-montgomery.txt	3	him	62
eng-x-bible-newliving.txt	11	man	62
nld-x-bible-2007.txt	5	man	62
nob-x-bible-1988.txt	2	mannen	62
swe-x-bible-nyalevande.txt	2	man	62
deu-x-bible-greber.txt	17	einen	63
deu-x-bible-volxbibel.txt	16	einer	63
eng-x-bible-contemporary.txt	26	one	63
eng-x-bible-etheridge.txt	19	a	63
eng-x-bible-livingoracles.txt	18	a	63
deu-x-bible-albrecht.txt	15	weniger	64
deu-x-bible-menge.txt	21	weniger	64
deu-x-bible-neue.txt	17	weniger	64
nob-x-bible-1985.txt	30	mindre	64
afr-x-bible-1983.txt	22	,	65
afr-x-bible-lewende.txt	16	,	65
nob-x-bible-1985.txt	23	,	65
nob-x-bible-2007.txt	21	,	65
deu-x-bible-tafelbibel.txt	12	Mehrzahl	66
eng-x-bible-worldwide.txt	9	most	66
nno-x-bible-2011.txt	26	fleste	66
nob-x-bible-2011.txt	25	fleste	66
deu-x-bible-elberfelder1871.txt	18	gewissem	67
deu-x-bible-gruenewalder.txt	22	übertreiben	67
eng-x-bible-literal.txt	20	overbear	67
nld-x-bible-statenvertaling.txt	21	bezware	67
afr-x-bible-boodskap.txt	1	Ek	68
deu-x-bible-luther1545letztehand.txt	12	mich	68
eng-x-bible-contemporary.txt	1	I	68
eng-x-bible-godsword.txt	6	I’m	68
eng-x-bible-newliving.txt	1	I	68
nld-x-bible-2007.txt	8	ik	68
nob-x-bible-1988.txt	3	jeg	68
swe-x-bible-nyalevande.txt	3	jag	68
deu-x-bible-tafelbibel.txt	13	so	69
deu-x-bible-volxbibel.txt	20	dann	69
eng-x-bible-easytoread.txt	29	way	69
eng-x-bible-newcentury.txt	28	way	69
nob-x-bible-1988.txt	28	måten	69
swe-x-bible-nyalevande.txt	27	sätt	69
deu-x-bible-genfer2011.txt	20	als	70
deu-x-bible-greber.txt	16	als	70
eng-x-bible-books.txt	14	as	70
eng-x-bible-newinternational.txt	14	as	70
eng-x-bible-newreaders.txt	19	as	70
nld-x-bible-2007.txt	10	,	71
nno-x-bible-2011.txt	9	,	71
nob-x-bible-2011.txt	9	,	71
nor-x-bible-1930.txt	9	,	71
swe-x-bible-folk1998.txt	8	,	71
afr-x-bible-lewende.txt	10	net	72
deu-x-bible-hoffnung.txt	10	nur	72
deu-x-bible-konkordant.txt	17	nur	72
eng-x-bible-etheridge.txt	15	only	72
eng-x-bible-new2007.txt	13	alone	72
nld-x-bible-2004.txt	15	alleen	72
afr-x-bible-boodskap.txt	40	.	73
afr-x-bible-viralmal.txt	28	.	73
dan-x-bible-hverdagsdansk.txt	22	.	73
eng-x-bible-easytoread.txt	30	.	73
eng-x-bible-goodnews.txt	26	.	73
eng-x-bible-newcentury.txt	29	.	73
deu-x-bible-luther1545letztehand.txt	54	auff	74
eng-x-bible-diaglot.txt	25	upon	74
eng-x-bible-etheridge.txt	31	upon	74
eng-x-bible-goodnews.txt	40	on	74
eng-x-bible-livingoracles.txt	30	on	74
eng-x-bible-montgomery.txt	32	of	75
isl-x-bible-isl.txt	30	úr	75
nld-x-bible-1951.txt	23	uit	75
nno-x-bible-2011.txt	27	av	75
nob-x-bible-2011.txt	26	av	75
dan-x-bible-1931.txt	23	hårdere	76
dan-x-bible-frederik.txt	21	haardere	76
eng-x-bible-books.txt	30	severely	76
eng-x-bible-newinternational.txt	30	severely	76
dan-x-bible-1931.txt	7	,	77
deu-x-bible-erben.txt	7	,	77
swg-x-bible-swg.txt	7	,	77
afr-x-bible-1983.txt	4	veroorsaak	78
afr-x-bible-lewende.txt	4	veroorsaak	78
isl-x-bible-isl.txt	9	valda	78
deu-x-bible-neue.txt	13	,	79
deu-x-bible-pattloch.txt	13	,	79
deu-x-bible-zuercher.txt	12	,	79
dan-x-bible-1931.txt	24	,	80
deu-x-bible-luther1912.txt	26	,	80
deu-x-bible-pattloch.txt	25	,	80
dan-x-bible-1931.txt	13	,	81
deu-x-bible-luther1912.txt	14	,	81
deu-x-bible-schlachter2000.txt	13	,	81
eng-x-bible-contemporary.txt	13	of	82
eng-x-bible-easytoread.txt	16	of	82
eng-x-bible-newcentury.txt	16	of	82
eng-x-bible-books.txt	23	extent	83
eng-x-bible-newinternational.txt	23	extent	83
eng-x-bible-treeoflife.txt	19	extent	83
nld-x-bible-2007.txt	9	schreef	84
nob-x-bible-1988.txt	4	skrev	84
swe-x-bible-nyalevande.txt	4	skrev	84
nno-x-bible-2011.txt	29	,	85
nob-x-bible-2011.txt	28	,	85
swe-x-bible-b2000.txt	28	,	85
deu-x-bible-luther1545letztehand.txt	47	.	86
eng-x-bible-contemporary.txt	34	.	86
nob-x-bible-1988.txt	32	.	86
swe-x-bible-nyalevande.txt	30	.	86
eng-x-bible-contemporary.txt	32	feel	87
eng-x-bible-easytoread.txt	36	make	87
eng-x-bible-newcentury.txt	36	make	87
nds-x-bible-nds.txt	29	moak	87
afr-x-bible-viralmal.txt	35	hy	88
eng-x-bible-amplified.txt	44	he	88
eng-x-bible-new2007.txt	24	he	88
eng-x-bible-newliving.txt	23	he	88
eng-x-bible-clontz.txt	11	caused	89
eng-x-bible-easytoread.txt	23	caused	89
eng-x-bible-lexham.txt	11	caused	89
eng-x-bible-newcentury.txt	22	caused	89
eng-x-bible-newsimplified.txt	10	caused	89
eng-x-bible-treeoflife.txt	10	caused	89
deu-x-bible-textbibel.txt	26	thue	90
eng-x-bible-goodnews.txt	33	do	90
eng-x-bible-newcentury.txt	32	do	90
isl-x-bible-isl.txt	26	gjöri	90
nld-x-bible-2004.txt	25	laat	90
swe-x-bible-nyalevande.txt	29	handla	90
eng-x-bible-godsword.txt	21	this	91
eng-x-bible-goodnews.txt	30	this	91
eng-x-bible-internationalstandard.txt	24	this	91
eng-x-bible-newreaders.txt	34	this	91
eng-x-bible-goodnews.txt	37	be	92
eng-x-bible-scriptures.txt	24	be	92
nor-x-bible-1930.txt	27	være	92
nor-x-bible-student.txt	26	vera	92
afr-x-bible-boodskap.txt	24	almal	93
eng-x-bible-amplified.txt	16	all	93
eng-x-bible-easytoread.txt	15	all	93
eng-x-bible-newcentury.txt	15	all	93
nld-x-bible-2007.txt	12	al	93
afr-x-bible-1983.txt	10	vir	94
afr-x-bible-viralmal.txt	14	vir	94
deu-x-bible-tafelbibel.txt	4	für	94
afr-x-bible-1983.txt	33	'n	95
deu-x-bible-textbibel.txt	28	einen	95
eng-x-bible-livingoracles.txt	28	a	95
afr-x-bible-1953.txt	15	,	96
eng-x-bible-treeoflife.txt	15	,	96
afr-x-bible-1983.txt	15	maak	97
deu-x-bible-volxbibel.txt	18	macht	97
eng-x-bible-easytoread.txt	20	mean	98
eng-x-bible-newcentury.txt	20	mean	98
afr-x-bible-1983.txt	24	,	99
nld-x-bible-2007.txt	23	,	99
afr-x-bible-1983.txt	17	,	100
nld-x-bible-2007.txt	16	,	100
afr-x-bible-1983.txt	30	,	101
nob-x-bible-1985.txt	31	,	101
deu-x-bible-tafelbibel.txt	6	genug	102
eng-x-bible-worldwide.txt	6	enough	102
afr-x-bible-boodskap.txt	29	by	103
deu-x-bible-volxbibel.txt	14	bei	103
nno-x-bible-2011.txt	6	grunn	104
nob-x-bible-2011.txt	6	grunn	104
afr-x-bible-viralmal.txt	3	in	105
eng-x-bible-easytoread.txt	2	in	105
dan-x-bible-frederik.txt	7	,	106
deu-x-bible-meister.txt	7	,	106
dan-x-bible-frederik.txt	22	,	107
deu-x-bible-meister.txt	22	,	107
deu-x-bible-greber.txt	15	,	108
deu-x-bible-menge.txt	17	,	108
deu-x-bible-luther1545.txt	7	angerichtet	109
deu-x-bible-luther1912.txt	7	angerichtet	109
deu-x-bible-luther1545letztehand.txt	13	Das	110
isl-x-bible-isl.txt	8	að	110
nob-x-bible-1988.txt	15	,	111
swe-x-bible-nyalevande.txt	14	,	111
deu-x-bible-pattloch.txt	18	,	112
deu-x-bible-textbibel.txt	20	,	112
deu-x-bible-volxbibel.txt	17	Probleme	113
nld-x-bible-2007.txt	14	problemen	113
eng-x-bible-amplified.txt	7	among	114
eng-x-bible-newcentury.txt	3	among	114
eng-x-bible-contemporary.txt	4	to	115
eng-x-bible-montgomery.txt	2	to	115
eng-x-bible-contemporary.txt	25	the	116
eng-x-bible-newliving.txt	15	the	116
nld-x-bible-2007.txt	3	dat	117
nob-x-bible-1985.txt	4	at	117
eng-x-bible-easytoread.txt	38	sound	118
eng-x-bible-newcentury.txt	38	sound	118
eng-x-bible-goodnews.txt	25	least	119
eng-x-bible-montgomery.txt	30	least	119
nno-x-bible-2011.txt	25	dei	120
nob-x-bible-2011.txt	24	de	120
nob-x-bible-1988.txt	10	personlig	121
swe-x-bible-nyalevande.txt	11	personligen	121
nob-x-bible-1988.txt	38	overdrivelse	122
swe-x-bible-nyalevande.txt	35	överdrift	122
nor-x-bible-1930.txt	29	hård	123
nor-x-bible-student.txt	28	hard	123
deu-x-bible-genfer2011.txt	25	wenn	124
deu-x-bible-greber.txt	12	so	124
deu-x-bible-volxbibel.txt	13	wenn	124
nld-x-bible-2007.txt	24	als	124
deu-x-bible-hoffnung.txt	20	doch	125
deu-x-bible-volxbibel.txt	23	ja	125
nld-x-bible-2007.txt	25	wel	125
deu-x-bible-erben.txt	16	ohne	126
deu-x-bible-luther1545.txt	15	ohne	126
deu-x-bible-luther1545letztehand.txt	50	on	126
eng-x-bible-livingoracles.txt	16	except	126
deu-x-bible-genfer2011.txt	6	viel	127
eng-x-bible-books.txt	11	much	127
eng-x-bible-newinternational.txt	11	much	127
dan-x-bible-hverdagsdansk.txt	33	?	128
nob-x-bible-1988.txt	41	?	128
swe-x-bible-nyalevande.txt	38	?	128
deu-x-bible-volxbibel.txt	4	jetzt	129
eng-x-bible-montgomery.txt	9	now	129
swe-x-bible-b2000.txt	3	nu	129
deu-x-bible-tafelbibel.txt	10	von	130
eng-x-bible-diaglot.txt	16	from	130
deu-x-bible-luther1545letztehand.txt	39	meinen	131
eng-x-bible-newliving.txt	25	me	131
nld-x-bible-2007.txt	30	mijn	131
eng-x-bible-easytoread.txt	39	worse	132
eng-x-bible-newcentury.txt	39	worse	132
deu-x-bible-luther1545letztehand.txt	45	willen	133
eng-x-bible-goodnews.txt	31	because	133
eng-x-bible-contemporary.txt	39	the	134
eng-x-bible-montgomery.txt	38	the	134
eng-x-bible-easytoread.txt	42	really	135
eng-x-bible-newcentury.txt	42	really	135
deu-x-bible-menge.txt	28	schwer	136
eng-x-bible-goodnews.txt	39	hard	136
eng-x-bible-common.txt	9	that	137
eng-x-bible-newliving.txt	9	that	137
dan-x-bible-hverdagsdansk.txt	12	over	138
deu-x-bible-luther1545letztehand.txt	20	vber	138
